600073 233
600169 211
600217 181
600241 174
600289 162
600337 171
600361 189
600433 164
600529 207
600577 239
600601 101
600673 172
600697 200
600841 211
600889 122
600961 80
601201 179
601297 198
601801 116
601849 131
601873 205
601897 235
601969 97
602137 382
602233 179
602257 243
602377 172
602401 149
602521 193
602593 213
602689 184
602713 192
602929 171
602977 223
603217 167
603457 175
603529 164
603553 177
603769 198
603793 162
603817 270
603913 159
603937 148
604057 209
604249 110
604369 179
604441 172
604609 128
604729 167
604753 186
604801 111
605113 235
605233 211
605257 225
605329 157
605401 161
605497 195
605593 220
605617 169
605641 77
605809 166
605953 150
605977 185
606049 208
606121 173
606241 139
606313 215
606433 169
606649 108
606673 172
606721 154
606913 163
606961 101
607081 199
607129 161
607153 177
607249 217
607417 171
607681 135
607921 163
607993 226
608089 141
608161 86
608401 118
608497 208
608521 165
608593 328
608737 213
608857 213
608953 197
608977 192
609241 169
609289 160
609313 185
609337 165
609361 116
609601 163
609673 140
609913 254
610081 132
610417 212
610633 160
610681 139
610801 110
610849 143
610921 169
610969 205
610993 206
611113 251
611137 159
611257 191
611449 206
611497 242
611641 141
611833 166
611953 157
611977 229
612049 95
612169 150
612193 124
612217 206
612481 97
612553 267
612649 169
612817 184
612841 175
612889 159
613009 199
613153 203
613177 288
613297 219
613441 167
613609 222
613633 164
613849 182
613969 195
613993 190
614041 148
614113 236
614377 230
614569 159
614617 197
614881 128
615289 184
615313 197
615337 163
615577 223
615721 137
615793 176
616129 170
616153 204
616321 141
616393 203
616489 140
616513 172
616537 184
616729 136
616849 134
616897 145
617161 110
617233 179
617257 207
617401 119
617473 229
617521 129
617689 185
617761 111
617809 134
617857 162
618049 159
618337 167
618361 114
618577 180
618841 165
618913 180
619009 147
619033 231
619057 224
619273 162
619537 156
619561 176
619657 198
619681 197
619753 181
619849 220
619897 208
619921 97
620161 178
620233 197
620329 168
620377 189
620401 170
620569 156
620689 140
620929 109
621097 143
621217 180
621241 145
621289 170
621337 223
621697 211
621721 146
621769 127
621913 273
621937 225
622009 159
622129 170
622177 171
622249 129
622513 140
622561 122
622729 124
622777 138
622849 157
623017 206
623041 141
623209 196
623281 97
623353 252
623401 120
623521 165
623617 140
623641 172
623881 162
623929 159
623977 189
624049 212
624097 220
624241 95
624313 155
624577 259
624601 189
624649 116
624721 138
624769 188
624961 115
625033 218
625057 152
625129 206
625369 206
625489 153
625609 225
625657 272
625777 188
625969 128
626113 177
626377 280
626617 244
626713 292
626761 153
626809 143
626833 157
626929 136
626953 215
627073 217
627169 87
627217 244
627433 273
627481 169
627673 186
627721 175
627841 158
627961 157
628057 206
628561 154
628681 115
628753 199
628801 183
628921 170
628993 168
629113 227
629137 201
629281 107
629401 170
629449 136
629569 150
629593 204
629617 203
629689 116
629737 200
629857 211
629929 177
629977 268
630169 114
630193 194
630433 200
630481 146
630529 109
630577 172
630841 135
631153 189
631249 165
631273 206
631513 177
631537 207
631681 138
631753 208
631993 270
632041 103
632089 179
632209 143
632257 208
632329 153
632353 186
632473 186
632497 241
632521 132
632713 182
632857 176
632881 179
632977 156
633001 184
633337 239
633649 136
633793 195
633937 212
633961 132
634177 191
634273 205
634441 168
634609 129
634681 155
634969 178
635353 288
635449 175
635617 216
635689 189
635737 229
635809 192
635977 181
636073 157
636193 167
636217 224
636241 118
636313 216
636409 154
636553 173
636673 178
636697 174
636721 216
636817 204
637129 143
637201 162
637297 217
637321 157
637369 149
637489 165
637513 217
637657 135
637729 92
637873 162
638161 206
638233 173
638689 127
638857 219
638977 160
639049 153
639169 183
639337 212
639361 146
639433 207
639577 192
639601 103
639697 153
639937 166
640009 209
640153 196
640249 149
640369 130
640777 265
640873 144
640993 185
641089 104
641521 149
641713 198
641761 149
641833 206
641881 145
641929 148
642049 158
642121 196
642217 195
642241 107
642361 150
642457 211
642529 170
642673 151
642769 168
642937 229
643009 161
643081 183
643129 120
643273 233
643369 136
643633 128
643681 179
643729 94
643849 206
643873 156
643969 173
644089 200
644257 194
644353 223
644377 280
644401 129
644569 146
644593 204
644617 216
644857 214
644881 169
644977 246
645049 175
645097 236
645313 188
645409 171
645433 229
645481 84
645529 179
645577 195
645649 99
645889 150
645937 172
646273 154
646537 205
646609 185
646873 284
646897 197
646993 180
647113 174
647161 154
647209 173
647401 187
647593 191
647617 221
647641 111
647809 134
647953 249
648073 219
648097 160
648217 175
648289 188
648433 226
648481 126
648649 141
648841 148
648889 176
648937 231
648961 111
649081 190
649273 161
649321 136
649633 160
649657 179
649777 208
649801 136
649849 146
649897 178
649921 158
649969 139
650017 152
650281 123
650329 88
650401 214
650449 153
650761 149
650833 205
650953 257
651097 269
651169 124
651193 219
651289 112
651361 162
651481 120
651649 150
651697 228
651769 212
651793 199
651841 140
651913 237
652033 216
652081 92
652153 177
652321 150
652369 176
652417 213
652609 149
652657 206
652753 164
652849 153
652921 192
652969 125
653113 229
653209 176
653281 170
653473 251
653593 284
653617 222
653641 147
653713 182
653761 158
653881 234
653929 155
653977 160
654001 179
654169 192
654529 115
654553 164
654601 163
654697 226
654817 176
654889 107
655033 198
655273 166
655489 168
655561 75
655657 165
655849 183
656113 224
656329 171
656377 171
656737 158
656809 243
656833 171
656977 226
657049 105
657121 144
657193 216
657289 175
657313 209
657361 150
657529 210
657649 193
657793 296
657841 121
658057 185
658153 199
658321 147
658417 185
658633 196
658681 172
658753 213
658873 241
658897 231
658969 138
659137 231
659353 216
659473 168
659497 237
659521 168
659569 110
659689 165
659713 240
659761 156
659881 134
660001 147
660073 235
660097 255
660217 225
660241 118
660337 260
660409 140
660529 149
660601 152
660769 118
660817 223
661009 217
661201 146
661321 159
661393 189
661417 179
661513 161
661777 194
661849 194
661873 187
661897 207
661993 275
662281 116
662353 191
662401 102
662449 213
662617 201
662689 137
662713 232
662833 204
662953 146
663001 199
663049 146
663097 183
663241 204
663409 190
663529 174
663601 97
663937 156
663961 111
664009 197
664177 221
664273 155
664369 145
664441 139
664537 226
664561 144
664633 190
664777 186
664849 136
665017 208
665089 191
665113 191
665233 209
665569 126
665617 227
665713 221
665761 144
665857 176
665953 187
666073 196
666433 127
666529 201
666649 183
666697 205
666769 154
666889 170
666937 215
667081 149
667129 132
667273 232
667321 196
667417 204
667441 136
667561 190
667657 230
667753 209
667801 154
667921 95
668089 185
668209 172
668617 214
668713 234
668737 168
668761 146
668929 177
669049 208
669121 146
669241 151
669289 136
669433 220
669481 121
669577 202
669649 151
669673 175
669913 219
669937 220
670129 208
670177 167
670249 169
670297 212
670321 111
670489 113
670729 204
670777 194
670849 104
670897 163
671017 202
671161 134
671233 171
671257 172
671353 161
671401 183
672073 236
672097 284
672169 133
672193 131
672289 201
672577 185
672817 217
672913 197
672937 206
673129 197
673201 107
673273 224
673297 178
673441 186
673513 145
673609 163
673801 175
673921 186
674017 173
674161 156
674449 171
674761 273
674833 160
674857 209
674929 152
674953 290
674977 170
675097 253
675313 231
675457 207
675481 164
675553 196
675601 185
675817 165
675841 148
675889 205
676009 176
676057 170
676129 158
676297 192
676993 217
677041 120
677113 250
677233 205
677473 174
677737 236
677857 178
677953 176
678169 151
678217 178
678289 246
678409 127
678481 168
678553 195
678577 236
678649 167
678721 111
679033 177
679153 184
679249 181
679297 219
679369 176
679417 243
679537 192
679561 110
679633 212
679681 95
679753 206
679897 150
679969 164
679993 238
680161 131
680209 170
680353 174
680377 216
680401 131
680569 204
680809 118
680857 178
680881 195
680929 170
681001 144
681049 145
681337 240
681361 143
681409 139
681481 161
681673 187
681841 156
681913 131
682009 144
682153 269
682321 143
682417 190
682489 215
682657 229
682729 166
682777 207
683041 153
683257 196
683377 229
683401 147
683713 249
683737 275
683833 252
683857 246
684121 109
684217 148
684289 120
684337 200
684433 160
684769 155
684793 215
684841 125
684889 176
684961 166
685057 181
685081 155
685177 203
685249 162
685297 273
685369 182
685393 203
685417 261
685513 258
685537 193
685609 147
685753 213
685849 194
685969 128
686041 171
686089 188
686209 194
686353 195
686449 100
686473 214
686593 205
686737 168
686761 167
686977 199
687073 191
687121 162
687289 112
687433 256
687457 148
687481 131
687721 127
687961 97
688201 163
688249 119
688297 169
688393 219
688561 198
688657 229
688729 162
688777 296
688969 132
689041 140
689089 131
689113 232
689233 195
689257 201
689641 133
689713 221
689761 120
689929 167
690073 237
690433 191
690553 235
690673 193
690721 152
690793 218
690817 178
690841 165
690889 185
691129 181
691153 158
691297 182
691489 193
691681 79
691729 173
691897 313
691921 134
692017 211
692089 174
692161 171
692281 136
692353 187
692401 185
692521 128
692641 165
692689 170
692761 143
692929 208
693097 243
693169 98
693337 223
693409 184
693529 208
693601 158
693697 215
693793 193
693961 88
694033 191
694081 170
694201 108
694273 217
694513 221
694609 167
694633 214
694873 227
695017 209
695089 205
695257 193
695281 166
695329 181
695377 180
695593 266
695641 109
695689 88
695809 109
695881 183
696313 221
696361 106
696433 210
696457 203
696481 112
696721 152
696793 250
696889 154
696937 218
696961 170
697009 148
697033 182
697201 178
697441 177
697513 230
697681 152
697729 137
697897 177
697993 182
698017 193
698329 118
698521 204
698641 156
698713 213
698977 217
699001 129
699073 148
699169 177
699217 165
699241 159
699289 259
699529 163
699649 167
699697 218
699793 167
699817 214
699961 144
