400009 78
400033 145
400249 156
400297 168
400321 160
400417 123
400441 152
400657 230
400681 86
400753 151
400849 103
401017 136
401113 230
401161 183
401209 128
401329 153
401473 156
401593 193
401689 140
401809 150
401953 199
402049 136
402313 179
402361 130
402529 112
402601 127
402697 136
402769 139
402817 159
403057 170
403369 152
403537 142
403681 133
403729 139
403849 149
403969 171
403993 196
404017 216
404113 161
404161 109
404449 127
404497 131
404713 145
404977 190
405001 67
405049 135
405073 246
405241 111
405529 211
405553 138
405577 152
405817 181
406177 157
406513 193
406561 123
406633 252
406729 110
406873 168
406969 203
406993 172
407137 175
407233 127
407257 184
407377 143
407401 83
407521 102
407713 163
407833 215
407857 189
407977 205
408049 128
408169 156
408217 197
408241 120
408337 168
408361 128
408433 142
408553 170
408769 101
408817 161
408841 160
408913 195
409033 118
409081 103
409153 212
409177 208
409369 130
409441 139
409609 132
409657 183
409729 140
409753 171
409777 150
409897 238
409993 157
410233 216
410257 151
410281 135
410353 187
410401 158
410497 199
410617 207
410833 196
410857 195
410929 116
410953 145
411001 190
411049 109
411193 231
411241 163
411337 178
411361 128
411409 163
411529 198
411577 183
411721 150
411841 66
411937 142
412033 189
412081 138
412201 132
412249 175
412273 193
412537 171
412561 138
412609 176
412849 162
413089 159
413113 191
413233 259
413353 173
413521 104
413689 158
413713 128
413737 158
414049 108
414097 210
414217 207
414241 89
414313 165
414361 163
414433 162
414457 242
414553 186
414577 153
414697 246
414721 155
414769 160
414793 189
414889 156
414913 232
415153 117
415201 135
415273 202
415489 185
415609 184
415729 203
415801 129
415873 183
415969 110
415993 236
416089 161
416257 120
416281 146
416401 186
416473 187
416497 221
416593 169
416761 135
416833 172
416881 118
417097 214
417169 125
417217 184
417337 214
417457 187
417553 220
417577 165
417649 124
417721 190
417793 137
417961 175
418009 102
418129 236
418177 198
418273 163
418321 90
418633 171
418657 178
418849 153
418921 113
418993 117
419161 98
419281 141
419329 87
419401 174
419449 118
419473 167
419929 136
419953 151
420001 149
420073 191
420097 187
420193 151
420241 159
420313 258
420361 117
420457 178
420481 119
420769 219
421009 164
421033 219
421081 154
421177 133
421273 135
421417 204
421609 154
421633 208
421657 211
421801 102
422041 94
422089 206
422113 179
422137 156
422209 176
422353 159
422377 207
422689 101
422761 117
422857 172
422881 124
423001 146
423097 171
423121 112
423289 183
423457 147
423481 137
423601 167
423649 151
423697 195
423769 224
423961 160
424129 125
424273 158
424537 136
424729 189
424777 225
424849 141
425233 134
425281 174
425329 118
425377 156
425473 224
425521 136
425641 143
425713 123
425857 202
425977 193
426073 194
426193 191
426553 219
426697 227
426841 155
426889 105
426913 126
427081 143
427249 74
427369 192
427417 227
427513 176
427681 128
427849 136
427969 137
427993 176
428041 190
428137 172
428161 186
428353 163
428401 114
428473 216
428569 120
428809 163
428833 181
428977 205
429217 188
429241 150
429361 123
429409 149
429529 101
429673 181
429817 228
429889 150
429937 215
430009 175
430057 172
430081 87
430393 201
430513 199
430753 172
430873 172
430897 216
430921 99
431017 219
431257 175
431329 189
431377 155
431449 173
431521 111
431617 167
431833 166
431857 225
431881 101
431929 104
432001 155
432073 160
432097 175
432121 156
432241 156
432337 201
432433 125
432457 180
432577 184
432721 155
432793 180
432961 112
433033 184
433201 134
433249 160
433369 160
433393 201
433513 140
433633 178
433681 117
433729 102
433777 214
434113 119
434209 182
434353 159
434377 176
434521 155
434593 194
434689 195
434761 168
434857 205
434881 155
434977 185
435481 146
435529 136
435553 152
435577 225
435649 139
435769 130
435817 201
435889 163
435913 179
436081 183
436273 181
436417 188
436729 183
436801 107
436993 221
437113 160
437137 149
437401 143
437473 162
437497 152
437641 154
437809 83
437881 192
437953 175
437977 168
438001 116
438049 120
438169 141
438241 145
438313 160
438409 146
438601 109
438721 189
438769 106
438793 198
438913 174
438937 175
438961 124
439009 117
439081 150
439273 221
439441 122
439729 157
439753 195
439849 124
439969 130
440281 106
440329 143
440497 140
440569 182
440641 173
440761 148
440809 151
440953 225
441073 124
441121 110
441169 89
441193 119
441361 158
441697 171
441841 117
441913 207
441937 188
442009 118
442033 172
442177 173
442201 177
442489 154
442537 222
442609 221
442633 205
442753 149
442777 213
443017 183
443041 111
443089 129
443161 118
443281 122
443353 172
443689 122
443761 169
443881 148
443953 175
444001 112
444121 187
444289 181
444529 138
444553 170
444649 148
444793 192
444817 195
444841 144
444937 152
445033 155
445297 200
445321 155
445537 119
445633 156
445657 172
445969 179
446041 110
446353 222
446401 131
446473 165
446569 168
446713 183
446881 122
447001 115
447193 228
447217 173
447409 157
447481 153
447793 194
447817 209
447841 104
447961 154
448057 172
448177 142
448249 134
448321 167
448561 128
448633 178
448801 145
448873 225
448969 136
448993 163
449161 160
449209 171
449353 120
449473 162
449569 154
449689 121
449833 201
449929 128
450001 187
450169 151
450193 163
450217 231
450361 150
450481 113
450529 140
450601 144
450649 121
450817 175
450841 127
450913 131
451057 164
451177 192
451201 115
451249 141
451441 121
451609 103
451657 224
451681 147
451753 148
451873 201
451897 186
451921 146
452017 190
452041 201
452161 157
452233 174
452329 157
452377 128
452401 115
452497 202
452521 105
452689 192
452857 207
452953 160
453073 157
453217 196
453289 112
453553 220
453601 105
453889 151
453913 177
453961 129
454009 189
454033 182
454297 271
454417 170
454513 212
454609 82
454777 209
454849 196
454921 141
454969 66
455233 162
455353 231
455401 144
455473 149
455737 166
455761 141
455809 135
455881 143
455953 92
455977 167
456193 123
456241 133
456409 201
456457 178
456529 162
456553 157
456649 184
456697 209
456769 104
457057 211
457153 184
457201 130
457393 182
457609 164
458377 225
458401 148
458449 129
458569 188
458593 178
458929 138
458977 172
459169 147
459313 184
459337 260
459649 107
459817 125
459841 135
459913 202
459937 170
459961 180
460081 158
460297 178
460393 236
460417 156
460561 142
460609 184
460633 210
460657 168
460777 166
460969 208
461017 268
461233 193
461257 183
461521 114
461569 153
461689 182
461977 243
462073 187
462097 142
462337 164
462361 153
462409 139
462481 200
462529 151
462577 191
462673 131
462697 169
462841 104
462937 209
463033 181
463249 136
463297 180
463321 98
463513 172
463537 228
463633 151
463753 243
463849 70
463873 129
463921 167
463993 180
464089 243
464137 187
464257 179
464281 159
464521 95
464617 207
464809 169
464857 180
464953 183
465169 133
465337 200
465433 176
465529 107
465649 151
465721 126
465841 152
466009 162
466033 233
466153 123
466201 153
466273 185
466321 147
466369 133
466441 165
466537 192
466561 125
466729 178
466777 181
466801 139
466897 250
467017 188
467209 148
467329 123
467353 198
467473 244
467497 223
467617 208
467641 125
467689 157
467713 123
467737 215
467833 210
467881 170
467953 183
467977 221
468001 140
468049 166
468121 141
468241 133
468289 164
468577 184
468697 222
468817 212
468841 127
468889 129
468913 129
469009 129
469153 192
469321 121
469369 169
469561 91
469657 171
469753 180
469801 138
469849 127
469969 141
469993 286
470089 106
470161 132
470209 153
470473 189
470521 122
470593 139
470689 173
470881 120
471073 175
471193 272
471217 253
471241 52
471313 226
471481 177
471553 134
471649 181
471673 209
471697 177
471721 210
471769 130
471817 179
471841 187
472057 162
472249 155
472273 184
472369 161
472393 195
472561 147
472921 116
472993 219
473089 105
473257 193
473353 166
473377 165
473497 207
473617 202
473761 128
473833 172
473857 225
473929 103
473953 192
474049 77
474073 200
474169 166
474241 114
474289 141
474337 159
474433 156
474769 137
474937 138
475081 152
475273 150
475297 205
475369 197
475417 182
475441 85
475681 151
475729 95
475753 217
475777 158
475897 181
475921 130
476041 153
476089 168
476137 190
476233 198
476401 122
476713 204
476737 195
476929 149
476977 188
477073 185
477313 155
477361 145
477409 109
477553 228
477577 166
477721 155
477769 156
477913 210
478129 129
478273 159
478321 163
478417 122
478441 150
478729 176
478801 97
478897 144
479041 156
479137 124
479209 120
479377 200
479473 173
479497 227
479569 145
479593 225
479761 125
479833 163
479881 147
479953 174
480049 164
480169 135
480409 172
480553 228
480937 202
481009 141
481153 147
481177 197
481249 139
481297 257
481417 217
481489 174
481513 239
481633 183
481681 137
481753 170
481801 139
481849 117
482017 268
482233 237
482281 138
482401 151
482569 197
482593 220
482641 164
482689 97
483097 225
483289 103
483337 204
483409 129
483433 159
483481 177
483577 216
483649 147
483697 201
483937 162
484129 125
484153 261
484201 118
484369 158
484417 193
484489 172
484609 161
484777 223
485041 173
485113 145
485137 142
485161 138
485209 145
485497 186
485593 225
485689 142
485833 179
485977 203
486193 247
486313 193
486433 130
486481 115
486601 187
486697 241
486721 91
486769 241
486817 159
487057 224
487177 214
487489 152
487561 150
487657 174
487681 147
487873 158
487897 266
488161 128
488209 180
488233 209
488329 114
488353 228
488401 78
488473 281
488617 175
488641 155
488689 151
488833 198
489001 149
489217 172
489241 117
489337 147
489361 137
489409 180
489457 197
489529 175
489553 165
489673 182
489793 205
489817 166
489913 172
489961 194
490033 159
490057 177
490201 165
490249 123
490393 181
490417 212
490537 232
490849 154
490921 172
490969 209
490993 248
491041 120
491137 140
491329 182
491353 207
491377 245
491497 213
491593 157
491737 166
491833 183
491857 149
491977 222
492409 93
492601 123
492673 175
492721 176
492769 153
493177 197
493201 118
493249 119
493369 157
493393 197
493657 234
493729 146
493777 167
493873 217
493897 232
493993 237
494041 127
494257 157
494281 156
494353 184
494497 228
494521 144
494617 208
494713 197
494737 199
494761 112
495241 206
495289 123
495337 215
495361 140
495433 191
495457 180
495769 132
496297 171
496609 95
496681 141
496849 186
496897 165
497017 187
497041 126
497113 162
497137 239
497257 252
497281 137
497449 134
497473 154
497521 166
497689 214
497737 191
497929 183
497977 180
498073 194
498361 193
498409 180
498577 117
498937 289
498961 103
499033 218
499129 120
499321 127
499633 184
499729 194
499801 97
499897 227
499969 116
