300073 189
300193 178
300481 130
300649 175
300673 165
300721 131
300889 109
300961 111
301057 133
301153 143
301177 207
301489 137
301657 177
301681 100
301753 169
301897 174
301993 181
302329 123
302593 155
302833 177
302857 123
302977 156
303049 191
303073 118
303097 152
303217 173
303313 151
303337 189
303361 124
303409 140
303529 179
303553 167
303649 128
303817 181
303889 134
303937 236
304009 132
304033 135
304081 161
304153 155
304393 168
304417 151
304489 145
304537 134
304561 87
304609 200
304729 157
304849 153
304897 177
305017 161
305113 160
305209 133
305281 128
305329 133
305353 174
305377 126
305401 140
305449 122
305497 215
305521 165
305593 136
305761 108
305857 174
306049 127
306121 158
306169 164
306193 187
306457 205
306529 141
306577 200
306913 134
307009 141
307033 171
307129 99
307201 113
307273 148
307537 156
307609 126
307633 138
307873 141
307969 151
308017 156
308041 132
308137 239
308521 162
308569 103
308641 122
308713 198
308761 132
308809 141
308857 221
308929 154
309121 105
309193 202
309241 117
309289 122
309313 161
309433 173
309457 166
309481 90
309577 178
309769 145
309937 168
310081 94
310129 107
310273 166
310489 77
310729 144
310801 128
310969 134
311041 108
311137 173
311329 154
311473 154
311569 153
311713 133
311737 178
311881 143
312073 151
312121 138
312217 200
312241 170
312289 153
312313 173
312553 164
312601 84
312673 129
312841 90
312937 113
313009 105
313081 157
313129 131
313153 130
313249 148
313273 188
313297 160
313321 125
313561 127
313777 154
313849 113
313897 189
313921 119
313969 152
313993 158
314113 201
314137 220
314161 70
314233 195
314257 182
314329 162
314401 167
314497 158
314569 166
314641 137
314761 126
314953 174
315097 187
315193 176
315313 162
315361 104
315409 144
315481 138
315529 158
315697 289
315937 184
315961 115
316033 116
316153 212
316177 144
316201 124
316297 179
316321 116
316633 176
316681 138
316753 192
316777 226
316801 102
317089 130
317209 100
317257 162
317353 162
317593 169
317617 173
317857 120
318001 135
318289 149
318313 146
318337 198
318457 186
318601 147
318793 137
318817 113
318841 154
318889 147
319057 185
319129 164
319201 78
319321 93
319441 130
319489 79
319681 126
319729 106
319849 170
319897 210
319993 192
320041 127
320113 176
320209 149
320329 82
320377 181
320401 72
320449 160
320521 178
320713 151
320833 170
320953 215
321073 146
321169 116
321193 202
321289 186
321313 172
321553 121
321577 158
321721 84
321817 167
321889 152
321961 145
322009 90
322057 137
322249 103
322417 196
322513 166
322537 218
322633 145
322849 115
322921 61
322969 120
323137 174
323233 149
323377 231
323473 166
323641 175
324073 134
324097 154
324217 215
324361 138
324529 154
324673 224
324697 194
324889 157
325009 137
325081 75
325153 166
325201 152
325249 133
325513 172
325537 131
325681 131
325729 143
325753 178
325777 174
325849 148
325921 163
325993 181
326113 169
326257 155
326353 145
326449 157
326497 154
326593 123
326617 149
326737 213
326881 91
327001 153
327193 159
327289 120
327337 223
327409 107
327433 172
327529 125
327553 192
327673 155
327721 90
327889 82
328129 117
328177 172
328249 126
328513 158
328633 248
328753 189
328777 176
328849 149
328897 219
328921 162
329089 166
329209 110
329233 183
329257 204
329281 111
329401 89
329473 99
329617 119
329761 135
329977 178
330097 132
330217 208
330241 144
330289 151
330313 177
330409 136
330433 179
330697 167
330721 85
330793 146
331081 92
331153 168
331249 119
331369 114
331489 128
331537 215
331609 114
331753 209
331777 187
331801 122
331897 214
331921 159
332113 153
332161 105
332473 160
332569 168
332617 243
332641 74
332881 117
333049 137
333097 182
333337 98
333433 127
333457 167
333673 243
333721 147
333769 141
333793 140
334057 180
334177 202
334297 186
334393 276
334513 137
334561 156
334681 107
334753 185
334777 141
334897 190
334993 164
335089 176
335113 172
335161 114
335281 102
335449 71
335473 141
335641 143
335689 111
335809 137
335833 160
335857 193
335953 166
336121 137
336361 84
336529 182
336577 175
336649 116
336769 154
336793 145
336961 74
337081 177
337153 156
337201 179
337369 148
337489 93
337537 154
337609 155
337633 170
337681 91
337873 172
337969 101
338017 119
338137 212
338161 171
338449 180
338473 172
338497 179
338761 135
338857 124
339049 92
339121 108
339289 186
339433 192
339601 169
339649 129
339673 165
339769 115
339817 151
339841 162
340057 168
340129 155
340201 90
340297 185
340321 106
340369 128
340393 162
340633 147
340657 176
340777 196
340801 134
340849 132
340897 206
341017 223
341041 127
341233 170
341281 132
341521 139
341569 151
341617 208
341641 123
341953 194
342049 120
342073 144
342241 78
342337 150
342481 162
342553 151
342673 178
342697 265
342841 87
342889 125
343081 129
343153 194
343177 183
343393 177
343489 117
343561 103
343801 194
343897 145
344017 192
344161 143
344209 158
344257 142
344353 163
344497 219
344857 197
345001 123
345193 136
345577 143
345601 71
345673 177
345769 158
345817 201
345889 131
345937 162
346201 149
346321 167
346369 123
346393 148
346417 127
346441 135
346561 117
346657 166
346849 172
346873 170
347041 126
347161 158
347209 98
347233 158
347257 114
347329 140
347401 155
347929 113
348001 119
348097 148
348217 145
348241 94
348433 159
348457 220
348553 161
348769 113
348889 116
348937 145
349081 161
349177 281
349369 157
349729 149
349753 142
349801 76
349849 177
350089 128
350137 222
350257 204
350281 127
350377 149
350521 180
350593 169
350617 155
350737 208
350809 172
350881 144
351097 241
351121 96
351217 153
351289 60
351361 158
351457 131
351529 185
351913 163
352057 180
352081 143
352201 137
352249 138
352273 112
352369 141
352441 131
352489 113
352633 215
352753 176
353137 156
353161 128
353329 106
353401 107
353473 138
353641 108
353737 202
353833 162
353929 104
354001 187
354073 184
354097 160
354121 145
354169 143
354313 136
354337 140
354553 162
354961 112
355009 112
355057 197
355297 275
355321 110
355417 178
355441 109
355513 175
355609 116
355633 176
355753 174
355777 122
355969 143
356113 207
356137 163
356449 85
356737 210
356761 143
356929 155
356977 156
357073 176
357169 108
357241 160
357649 203
357793 218
357817 198
357913 166
358153 241
358201 133
358273 167
358297 141
358417 145
358441 128
358681 116
358753 201
358993 177
359017 223
359041 77
359137 156
359209 112
359353 153
359377 212
359449 152
359641 117
359713 160
359761 142
359929 158
360049 178
360169 146
360193 122
360289 143
360337 238
360457 198
360649 100
360769 173
360817 123
361033 155
361321 77
361441 160
361561 107
361873 176
361993 166
362137 164
362161 134
362233 145
362281 188
362353 176
362377 128
362449 134
362473 151
362521 113
362569 143
362953 177
362977 162
363217 216
363313 150
363361 159
363481 139
363529 144
363577 228
363841 89
363889 110
364129 171
364321 120
364393 131
364417 161
364513 211
364537 182
364657 207
364753 105
364801 144
364873 135
364921 146
364993 165
365017 206
365089 177
365137 183
365257 191
365377 169
365473 136
365569 115
365641 127
365689 102
365809 160
365929 143
366001 135
366097 148
366169 115
366193 147
366217 189
366313 229
366409 129
366433 166
366697 196
366721 122
366841 144
366889 151
367033 272
367201 93
367273 120
367321 170
367369 133
367561 128
367777 174
367849 153
368089 133
368233 181
368521 132
368593 124
368689 152
368737 162
368833 133
368857 137
368881 124
369097 180
369169 159
369361 170
369409 153
369553 187
369673 189
369793 156
369841 117
369913 202
369961 135
370009 160
370033 197
370057 142
370081 150
370441 147
370537 224
370561 68
370609 143
370801 141
370873 230
370897 149
371233 150
371257 224
371281 84
371353 198
371617 167
371737 148
371857 169
371929 180
372049 182
372121 75
372241 103
372289 134
372313 183
372409 88
372481 140
372769 137
372817 164
373273 203
373297 173
373393 192
373489 130
373561 139
373657 205
373753 154
373777 162
373969 146
374041 154
374089 114
374137 136
374641 119
374713 204
374761 98
374929 126
374953 172
374977 118
375049 176
375097 186
375121 146
375169 125
375457 170
375481 119
375553 196
375673 166
375841 89
376009 128
376081 134
376153 182
376297 211
376393 187
376417 233
376609 122
376633 204
376657 135
376729 169
376801 179
376897 137
376921 197
376969 202
377137 148
377257 220
377329 164
377353 173
377521 103
377593 204
377617 172
377737 241
377761 142
377809 161
378193 198
378241 141
378289 130
378361 101
378601 130
378793 140
378817 262
379009 121
379033 189
379081 150
379177 173
379273 164
379369 146
379417 224
379441 143
379513 146
379633 142
379681 94
379777 172
379849 129
379993 211
380041 121
380329 125
380377 295
380641 178
380713 115
380881 100
380929 129
380977 148
381001 105
381097 176
381169 155
381289 163
381481 116
381529 96
381673 180
381697 144
381793 168
381817 196
381841 153
381937 180
382729 116
382777 199
382801 136
382873 178
383041 123
383113 163
383281 147
383521 112
383833 194
384001 77
384049 104
384193 192
384289 181
384481 149
384577 230
384673 137
384697 167
384817 147
384841 148
384889 129
384913 127
384961 144
385057 159
385081 174
385129 147
385153 163
385249 152
385321 115
385393 192
385417 211
385537 209
385657 203
385897 174
386017 116
386041 192
386161 127
386233 175
386329 139
386401 69
386521 107
386569 133
386641 139
386689 111
386713 224
386809 154
386977 207
387169 175
387313 198
387433 206
387529 157
387577 173
387721 103
387913 185
388009 182
388057 220
388081 69
388177 146
388273 193
388369 65
388489 158
388657 162
388777 188
388897 203
389041 115
389089 114
389161 165
389401 134
389569 168
389713 141
389761 110
389953 125
390001 120
390097 191
390193 221
390289 122
390433 175
390553 174
390673 168
390721 136
390889 91
390961 118
391009 136
391057 164
391177 160
391249 109
391273 191
391393 177
391441 107
391537 184
391753 208
391801 133
391873 148
391921 121
392113 154
392209 136
392233 128
392281 177
392473 190
392569 110
392593 176
392737 155
392761 182
392809 146
392857 183
392929 128
393073 164
393097 206
393121 72
393241 93
393361 108
393577 183
393649 132
393697 175
393721 121
393961 132
394129 100
394153 148
394201 152
394249 151
394369 175
394393 235
394489 112
394633 140
394729 162
394897 201
394969 94
394993 148
395089 125
395113 192
395137 143
395377 167
395449 172
395737 192
395953 176
396001 103
396217 182
396577 163
396601 156
396937 190
397057 174
397153 122
397297 195
397489 82
397633 167
397729 184
397753 207
397849 113
397897 230
397921 192
398113 167
398353 172
398473 195
398569 147
398833 175
398857 269
398977 159
399097 176
399241 196
399409 148
399433 161
399481 139
399577 195
399601 143
399769 183
399793 169
399913 194
399937 169
