800089 192
800113 205
800161 170
800209 119
800281 174
800329 173
800473 257
800497 191
800521 105
800593 239
800953 217
800977 178
801001 214
801217 211
801289 218
801337 243
801817 181
801841 194
802129 151
802177 179
802297 213
802441 197
802609 162
802729 143
802777 271
802873 221
802969 177
803041 141
803449 195
803497 216
803857 254
803977 211
804073 236
804313 263
804337 168
804409 156
804553 223
804577 226
804697 243
804889 126
804913 290
805033 219
805081 149
805153 240
805177 243
805249 137
805297 181
805369 215
805537 191
805633 229
805729 131
805873 219
806017 160
806041 146
806137 231
806233 189
806257 207
806329 223
806521 103
806737 208
806761 139
806857 204
806929 193
806977 182
807097 208
807193 186
807217 175
807241 164
807337 275
807409 139
807817 310
808081 105
808153 219
808177 322
808369 102
808417 174
808441 132
808681 138
808777 215
808993 159
809041 152
809377 263
809401 162
809521 182
809569 183
809737 256
809833 243
809929 156
810049 126
810193 198
810361 166
810409 200
810457 269
810553 242
810697 243
810769 140
810913 216
810961 175
811081 182
811273 194
811297 290
811441 111
811561 127
811729 181
811753 277
811777 236
811897 222
812137 219
812233 264
812257 172
812281 157
812353 227
812401 210
812473 181
812641 140
812689 202
812761 162
812857 202
813049 175
813097 276
813121 122
813217 191
813361 214
813529 242
813577 220
813601 201
813697 166
813721 182
813817 196
813961 135
814081 149
814129 126
814393 244
814537 212
814609 159
814633 226
814873 239
815209 230
815257 212
815401 151
815569 214
815713 227
815809 127
815953 177
815977 209
816121 176
816169 163
816217 231
816649 163
816769 191
816817 138
816841 176
816961 167
817081 153
817153 195
817273 204
817321 182
817561 223
817777 169
817897 266
818017 266
818113 194
818281 156
818353 262
818473 219
818569 169
818689 147
818977 239
819001 130
819073 186
819241 211
819289 109
819409 233
819457 167
819673 220
819769 197
819913 193
819937 201
820129 143
820177 191
820201 181
820273 178
820321 262
820441 143
820489 289
820537 185
820609 170
820657 171
820681 138
820753 240
820873 148
820921 155
820969 184
821089 223
821113 258
821209 115
821281 212
821329 199
821377 190
821449 205
821497 259
821641 177
821809 145
821833 174
821857 197
822049 212
822169 172
822313 237
822361 132
822433 219
822553 202
822673 171
822697 174
822721 132
822793 268
822889 123
823033 158
823129 190
823153 182
823177 209
823201 122
823489 175
823729 100
823777 179
823969 162
823993 202
824017 229
824137 236
824233 165
824281 213
824401 130
824497 204
824641 184
824833 196
824977 267
825001 119
825049 136
825073 218
825193 195
825241 199
825337 250
825361 164
825553 149
825577 208
825697 211
825889 111
825961 185
826129 202
826153 180
826201 163
826393 199
826561 130
826681 153
826729 148
826753 221
826849 128
826921 149
827041 182
827161 138
827473 163
827521 177
827737 134
827809 187
827833 247
827857 275
827929 181
828169 195
828361 106
828409 147
828577 162
828601 128
828649 191
828673 210
828697 198
828721 122
828889 212
829057 184
829177 232
829249 161
829273 192
829537 216
829561 201
829657 205
829729 159
829849 206
829993 221
830017 226
830041 76
830233 182
830257 175
830329 189
830353 234
830449 99
830497 217
830617 240
830833 137
831073 173
831217 230
831361 183
831409 225
831433 225
831529 181
831553 226
831697 228
831769 152
831889 132
831913 180
832081 176
832129 137
832297 321
832369 214
832633 306
832681 159
832729 129
832801 169
832969 153
833281 104
833353 173
833377 184
833449 166
833593 197
833617 177
833689 164
833713 214
833737 180
833857 197
833977 299
834433 190
834721 186
834913 150
834961 124
835033 251
835249 129
835321 195
835369 265
835441 139
835489 180
835609 174
835633 234
835897 255
835993 211
836137 196
836161 159
836233 201
836377 276
836449 125
836497 235
836569 207
836713 226
836761 141
836833 189
836881 187
837073 225
837313 178
837409 122
837601 148
837673 194
837721 205
837817 238
837937 157
838153 194
838249 148
838393 257
838441 181
838561 168
838609 139
838633 231
838657 184
838777 169
838897 206
838969 224
838993 188
839161 112
839353 221
839473 232
839497 266
839617 124
839809 145
840241 136
840289 191
840457 174
840601 193
840817 275
840841 132
841081 207
841273 230
841297 201
841369 114
841801 175
841849 157
841873 196
841921 212
842041 232
842089 198
842113 219
842161 146
842209 105
842353 165
842449 207
842473 171
842497 267
842521 108
842617 215
842857 236
842977 184
843289 218
843361 179
843457 224
843553 179
843649 138
843793 198
843841 163
843889 149
844153 255
844201 110
844297 234
844321 139
844369 125
844489 184
844513 223
844609 139
844777 248
844897 251
845017 220
845041 128
845137 210
845209 156
845809 229
845833 219
845881 107
846217 214
846361 166
846457 190
846529 206
846577 191
846673 228
846721 136
846841 142
846913 207
846961 142
847009 132
847129 207
847201 121
847321 113
847393 188
847537 230
847657 207
847681 190
847729 107
847969 183
847993 221
848017 150
848473 259
848593 179
848713 205
848737 196
848761 147
848857 200
849049 189
849097 214
849217 202
849241 143
849481 194
849601 88
849649 189
849721 193
850009 251
850033 255
850081 130
850177 154
850273 174
850393 244
850417 227
850537 243
850753 142
850849 222
850897 191
851017 247
851041 139
851113 240
851209 137
851401 162
851449 119
851569 169
851689 189
851761 114
851881 215
851953 202
852121 141
852289 134
852409 207
852457 218
852673 224
852769 147
852793 297
852889 104
852913 182
852937 197
853033 177
853057 236
853873 209
853969 131
854017 212
854041 181
854089 190
854257 243
854353 239
854569 124
854593 185
854617 217
854713 208
854881 155
854929 162
855241 132
855601 201
855697 267
855721 187
855889 156
855937 190
856057 277
856081 161
856153 166
856249 146
856369 148
856393 240
856417 195
856441 179
856897 294
856969 123
856993 163
857137 211
857161 236
857281 175
857569 183
857713 250
857737 206
857809 123
857929 155
857953 256
857977 205
858001 98
858073 229
858217 230
858241 182
858433 178
858457 230
858577 240
858673 148
858769 193
858817 186
858841 115
858961 145
859057 199
859081 200
859249 208
859273 225
859297 286
859321 102
859393 202
859513 224
859561 170
859609 116
859633 208
859657 180
859681 95
859801 202
859849 175
860089 185
860113 161
860257 208
860569 185
860593 284
860641 162
860689 185
860809 225
860929 151
861001 154
861121 144
861361 164
861433 175
861937 260
862009 120
862033 229
862129 150
862177 188
862249 178
862273 161
862297 220
862369 161
862417 202
862441 202
862633 219
862777 296
862921 179
863017 199
863377 187
863497 245
863521 134
863593 215
863641 140
863689 142
863833 234
864049 125
864121 197
864169 164
864289 190
864361 119
864673 230
864793 257
864817 205
865057 220
865153 151
865177 209
865201 129
865321 147
865537 149
865609 163
865681 182
865729 157
865801 133
865993 255
866161 210
866329 115
866353 222
866641 146
866689 192
866713 149
866737 210
866857 286
866953 226
867001 162
867121 206
867337 184
867409 142
867457 234
867553 198
867577 186
867793 256
867817 217
867913 193
868033 137
868081 148
868177 244
868249 163
868369 237
868489 282
868537 271
868561 138
868801 183
868849 130
868873 176
868993 238
869017 216
869137 215
869233 177
869257 170
869521 124
869689 184
869809 203
870049 190
870097 297
870169 185
870241 115
870433 191
870577 241
870601 202
870889 221
871177 278
871249 103
871393 246
871513 261
871657 220
871681 198
871993 266
872017 217
872041 133
872089 158
872161 186
872257 149
872281 139
872353 197
872737 203
872761 209
872953 263
873049 183
873073 230
873121 206
873529 203
873553 199
873721 125
873913 227
874009 192
874249 156
874537 191
874681 222
874729 166
874777 185
874873 242
875089 238
875113 212
875209 142
875233 231
875377 254
875521 139
875593 226
875617 139
875689 181
875761 206
875929 209
876097 194
876121 199
876193 238
876433 200
876481 130
876529 134
876721 212
876769 167
876817 268
876913 311
877057 181
877297 234
877321 119
877609 197
877873 268
878041 185
878089 97
878113 158
878377 309
878593 175
878641 82
878737 234
878833 151
878929 206
878953 233
879001 185
879097 315
879169 128
879457 219
879553 193
879649 113
879673 207
879721 206
879817 155
879961 171
880057 202
880153 201
880249 219
880513 222
880681 182
880729 183
880801 177
880993 170
881017 241
881233 230
881449 200
881473 237
881641 194
881833 224
881953 209
882169 167
882241 218
882289 137
882313 238
882433 207
882481 180
882529 151
882577 208
882697 257
882913 173
882961 184
883249 196
883273 180
883489 181
883537 206
883777 205
883921 170
883969 145
884353 192
884497 222
884593 148
884617 239
884857 217
884881 230
884977 174
885097 242
885169 166
885217 239
885289 214
885529 151
885553 201
885721 126
885769 217
885793 213
885889 113
885961 189
886129 195
886177 162
886537 223
886609 154
886777 258
886969 254
886993 250
887017 290
887113 230
887233 189
887377 194
887401 121
887449 135
887569 140
887617 175
887641 184
888001 109
888313 258
888361 125
888409 176
888457 250
888721 159
888793 281
888961 194
889081 199
889177 251
889489 192
889657 216
889873 175
889921 163
890161 198
890377 213
890737 187
890761 173
890809 213
890833 228
890881 189
891001 198
891049 213
891409 160
891481 156
891577 186
891601 206
891817 263
891889 181
892057 293
892153 309
892249 147
892321 130
892513 188
892609 186
892657 239
892777 241
892849 143
893041 167
893161 179
893257 151
893281 139
893449 225
893521 165
893857 286
893881 156
893929 102
894073 236
894097 164
894193 232
894409 214
894721 125
894793 143
895009 173
895393 232
895633 188
895681 177
895729 206
895777 176
895801 160
896113 180
896281 146
896353 209
896449 161
896521 184
896617 213
896953 162
897049 191
897241 157
897433 255
897553 271
897577 240
897601 189
897649 121
897817 330
898033 256
898129 158
898153 178
898369 197
898561 180
898753 219
898873 264
898897 254
898921 169
899161 170
899209 198
899233 171
899401 145
899473 163
899617 262
899761 126
899881 170
