100057 128
100129 83
100153 121
100297 165
100393 142
100417 122
100537 124
100609 116
100801 71
101089 90
101113 142
101161 70
101209 94
101281 95
101377 114
101449 121
101641 66
101737 114
101833 139
101929 64
101977 120
102001 61
102121 135
102217 162
102241 105
102337 122
102409 115
102433 122
102481 56
102673 93
102769 91
102793 139
102841 102
102913 165
103177 158
103393 128
103561 126
103657 147
103681 78
103801 81
103969 111
103993 150
104089 132
104113 144
104161 56
104233 139
104281 77
104473 113
104593 113
104761 99
104953 134
105097 160
105337 92
105361 95
105529 105
105601 102
105649 100
105673 119
105769 117
105817 170
105913 136
106033 98
106129 76
106273 109
106297 87
106321 101
106417 110
106441 91
106537 124
106657 112
106681 108
106753 141
106801 92
106921 121
106993 144
107089 127
107137 111
107209 93
107377 168
107449 98
107473 98
107641 55
107713 100
107761 76
107857 129
107881 60
108193 108
108217 152
108289 90
108457 216
108529 92
108553 123
108649 89
108769 117
108793 154
108961 119
109201 77
109297 120
109321 95
109441 84
109537 112
109609 143
109849 95
109873 111
109897 140
110017 123
110161 99
110233 110
110281 105
110569 94
110641 115
110881 70
110977 95
111049 55
111121 105
111217 148
111337 130
111409 83
111577 137
111697 123
111721 109
111913 125
112129 113
112153 150
112249 70
112297 148
112657 136
112921 65
113017 113
113041 117
113089 77
113161 91
113209 138
113233 105
113329 143
113497 158
113761 113
113809 109
114001 95
114073 122
114193 120
114217 163
114553 131
114577 107
114601 113
114649 127
114769 69
114889 118
114913 141
115057 163
115153 130
115201 45
115249 84
115321 133
115513 152
115561 125
115657 154
115777 131
115849 150
115873 124
116041 77
116089 85
116113 168
116257 119
116329 85
116593 119
116689 89
116833 122
116881 102
116929 131
116953 141
117193 171
117241 103
117361 102
117529 92
117577 126
117673 115
117721 87
117841 122
117889 90
117937 100
118033 163
118057 127
118081 136
118249 174
118273 83
118297 145
118369 118
118633 117
118681 91
118801 45
118873 128
118897 113
119089 74
119233 116
119569 103
119617 111
119689 139
119737 110
119809 92
119881 114
119929 140
119953 97
120049 148
120097 138
120121 58
120193 150
120577 108
120721 124
120817 135
120889 122
120937 150
121081 55
121321 89
121369 115
121441 118
121609 102
121633 126
121921 117
121993 85
122041 113
122209 107
122401 113
122449 134
122497 146
122761 87
122833 159
122929 65
122953 142
123001 119
123049 93
123121 110
123169 104
123217 130
123289 64
123433 137
123457 119
123553 135
123601 85
123817 118
124153 133
124249 115
124297 169
124489 90
124513 109
124561 107
124633 155
124753 111
124777 132
124897 128
125017 155
125113 176
125329 71
125353 124
125497 105
125617 170
125641 132
125737 132
125929 105
126001 135
126097 113
126241 102
126337 94
126433 148
126457 154
126481 85
126601 108
126913 127
126961 68
127033 94
127081 120
127249 116
127297 115
127321 116
127609 95
127657 151
127681 71
127849 102
127873 118
127921 77
128113 163
128257 149
128377 154
128449 126
128473 155
128521 91
128761 130
128833 117
128857 145
129001 92
129049 121
129097 124
129121 74
129169 102
129193 155
129289 100
129313 158
129361 61
129457 116
129529 77
129553 118
129769 103
129793 139
129841 130
129937 164
130057 131
130201 94
130369 111
130489 133
130513 151
130633 158
130657 146
130681 101
130729 97
130873 107
130969 99
131041 54
131113 118
131449 153
131497 120
131617 131
131641 106
131713 147
132001 73
132049 85
132169 109
132241 83
132313 113
132361 95
132409 74
132529 94
132697 161
132721 46
132817 143
132961 106
133033 156
133153 130
133201 69
133321 104
133417 135
133633 143
133657 136
133801 132
133873 131
133993 126
134089 135
134161 90
134257 169
134353 125
134401 58
134593 181
134857 118
135049 110
135193 166
135241 95
135409 97
135433 95
135601 88
135649 133
135697 153
135721 99
135841 108
135913 127
135937 142
136033 166
136057 157
136177 157
136273 104
136393 163
136417 129
136537 116
136657 100
136753 142
136777 154
136849 162
136897 130
136993 149
137089 113
137209 102
137353 156
137593 137
137713 120
137737 148
138241 122
138289 150
138337 124
138433 107
138577 163
138793 123
138841 138
138889 88
138937 165
139033 174
139177 129
139201 101
139273 113
139297 132
139369 131
139393 132
139537 131
139609 119
139681 115
139729 106
139753 130
139801 113
139921 77
139969 69
140281 93
140401 68
140449 48
140473 137
140521 122
140593 142
140617 116
140689 134
140761 66
140929 111
140977 164
141073 111
141121 71
141241 92
141481 94
141529 121
141601 82
141649 86
141697 134
141769 123
141793 106
141937 154
141961 92
142057 175
142297 90
142369 156
142537 163
142609 79
142657 132
142873 180
142897 172
142969 66
142993 140
143113 128
143137 99
143257 148
143281 88
143329 108
143401 131
143569 163
143593 151
143617 160
143833 167
143881 104
143953 173
143977 139
144073 118
144169 72
144241 130
144289 135
144409 113
144481 59
144577 124
144817 112
144889 142
144961 132
145009 110
145177 186
145417 141
145441 87
145513 136
145633 139
145681 128
145753 141
145777 156
145897 171
145969 126
146161 99
146449 121
146521 100
146617 115
146833 105
146857 180
146953 142
146977 128
147073 119
147097 143
147289 99
147409 91
147457 95
147481 103
147673 154
147769 127
147793 155
147937 126
148153 138
148201 66
148249 109
148513 104
148537 112
148609 129
148633 126
148873 117
148921 124
149113 120
149161 105
149257 131
149377 188
149497 182
149521 101
149689 76
149713 122
149953 132
150001 105
150097 136
150169 149
150193 95
150217 192
150649 88
150697 139
150721 92
150769 105
150889 118
150961 144
151009 89
151057 163
151153 174
151201 107
151273 157
151537 100
151561 74
151609 125
151681 95
151729 99
151849 85
151897 168
151969 121
152017 169
152041 126
152377 142
152617 171
152641 114
152809 132
152833 138
152857 175
152953 137
153001 83
153073 163
153313 138
153337 182
153409 73
153457 136
153529 113
153649 132
153817 156
153841 76
153889 122
153913 193
154057 134
154081 95
154153 184
154321 120
154369 118
154417 171
154681 90
154753 118
154849 99
154873 142
154897 105
155017 150
155137 138
155161 119
155209 136
155377 126
155473 192
155521 83
155569 137
155593 122
155689 84
155809 127
155833 171
156217 166
156241 88
156361 97
156577 111
156601 97
156817 132
156841 122
156913 110
157057 169
157081 84
157177 132
157273 147
157321 124
157393 100
157489 110
157513 151
157561 106
157897 154
158017 124
158113 137
158161 77
158209 130
158233 176
158329 144
158449 75
158617 150
158761 87
158881 134
159073 156
159097 148
159169 109
159193 119
159337 143
159361 94
159457 173
159553 144
159673 168
159697 160
159721 75
159769 69
159793 160
159937 139
160009 130
160033 112
160081 109
160201 146
160441 78
160681 111
160753 123
160969 90
161017 186
161137 131
161233 122
161281 52
161377 136
161521 125
161569 92
161641 107
161761 112
161881 105
161977 161
162289 89
162457 82
162529 138
162553 143
162577 139
162601 154
162649 117
162889 110
162937 154
163129 128
163249 73
163321 97
163393 160
163417 130
163561 89
163633 135
163729 138
163753 169
163993 154
164089 77
164113 147
164209 126
164233 108
164377 159
164449 140
164569 118
164617 138
164809 116
164881 102
164953 169
165001 110
165049 111
165313 90
165457 142
165553 155
165601 96
165673 106
165721 115
165817 111
165961 143
166081 130
166273 125
166297 174
166393 202
166417 119
166561 133
166609 96
166657 162
166849 104
167017 166
167113 150
167329 94
167449 84
167521 67
167593 166
167641 119
167809 97
167953 197
168193 101
168409 157
168433 152
168457 129
168481 94
168601 122
168673 102
168697 130
168769 149
168913 142
168937 164
169009 63
169129 81
169177 144
169249 167
169321 140
169369 112
169489 80
169633 124
169657 126
169681 94
169753 118
169777 154
170353 134
170473 162
170497 193
170641 68
170689 88
170761 139
170809 127
170857 175
170881 150
170953 137
171049 143
171169 111
171481 94
171529 96
171553 136
171673 174
171697 148
171793 159
171889 89
171937 137
172009 157
172153 166
172297 153
172321 100
172441 140
172489 83
172561 92
172633 184
172657 124
172681 133
172801 102
172849 125
172969 122
172993 158
173137 195
173209 88
173473 114
173497 161
173617 156
173713 139
173977 124
174049 119
174121 116
174169 90
174241 50
174289 114
174337 137
174457 198
174481 146
174649 134
174673 158
174721 89
175081 88
175129 155
175393 91
175633 150
175753 134
175873 115
175897 123
175993 187
176017 111
176041 148
176089 63
176161 143
176329 134
176353 108
176401 49
176497 130
176521 113
176641 103
176713 133
176809 107
176857 150
176977 159
177217 128
177337 115
177409 102
177433 119
177481 110
177553 134
177601 111
177841 98
177889 135
177913 135
178249 91
178393 159
178417 131
178441 102
178489 132
178513 142
178537 174
178561 128
178609 107
178681 136
178753 132
178873 166
178897 141
178921 79
179041 81
179089 81
179161 137
179209 85
179233 154
179281 105
179497 166
179593 132
179689 119
179737 199
179833 158
179953 129
180001 141
180073 110
180097 132
180241 140
180289 135
180337 168
180361 90
180793 153
181081 124
181201 82
181273 150
181297 172
181513 142
181537 161
181609 107
181729 81
181777 137
181873 183
182041 112
182089 151
182209 124
182233 229
182353 144
182473 111
182593 162
182617 169
182641 137
182713 148
182857 167
182929 165
182953 133
183289 116
183361 117
183577 151
183697 186
184057 133
184081 86
184153 119
184273 167
184321 97
184369 134
184417 96
184441 122
184489 147
184609 106
184633 114
184753 201
184777 211
184969 68
184993 105
185089 96
185137 116
185161 113
185233 130
185401 154
185569 145
185593 148
185641 66
185737 219
185833 148
186049 102
186097 108
186481 82
186601 92
186649 105
186793 179
186841 94
186889 114
187009 67
187081 123
187129 135
187177 161
187273 99
187393 154
187417 164
187441 97
187513 119
187633 112
187897 148
187921 158
188017 194
188137 181
188281 95
188401 93
188473 208
188833 166
188857 162
188953 146
189169 140
189337 124
189361 112
189433 155
189529 116
189697 158
189817 147
189913 174
189961 107
190129 74
190249 122
190297 163
190321 123
190369 112
190537 113
190633 130
190657 113
190753 141
190921 160
191089 137
191137 139
191161 100
191281 116
191353 168
191449 145
191473 174
191497 192
191689 68
191833 183
191929 95
191953 130
191977 146
192097 148
192121 127
192193 131
192529 115
192553 176
192601 130
192697 173
192817 129
192889 99
192961 109
193009 130
193057 148
193153 119
193201 77
193393 116
193441 128
193513 152
193873 121
193993 174
194017 155
194113 112
194353 122
194377 124
194521 160
194569 70
194713 124
194809 148
194977 116
195049 120
195121 95
195193 175
195241 87
195457 153
195697 172
195817 183
195913 147
196033 149
196081 108
196177 144
196201 121
196561 58
196657 155
196681 84
196873 176
196993 115
197089 107
197137 127
197161 136
197233 115
197257 143
197521 56
197569 96
197641 85
197689 115
197713 155
198073 139
198097 159
198193 149
198241 105
198313 191
198337 213
198409 106
198529 94
198553 189
198673 134
198769 75
198817 115
198841 131
198937 152
199033 193
199081 106
199153 152
199321 123
199417 157
199489 151
199657 149
199729 131
199753 130
199777 161
199873 130
199921 103
