0 0.25633191958490731 8.27e-09
1 0.24972677756931991 1.56e-08
2 0.19511596634730016 7.76e-09
3 0.21342943376152335 8.47e-09
4 0.23157073068263914 1.09e-08
5 0.23157073068264156 1.25e-08
6 0.24305596964577955 1.39e-08
7 0.26138152970340306 8.33e-09
8 0.24108938226671459 1.07e-08
9 0.24619760285961678 8.55e-09
10 0.19511596634729833 3.65e-09
11 0.26726461764871506 1.87e-08
12 0.26214969424108425 1.26e-08
13 0.2533649453031469 1.84e-08
14 0.18355309087176777 1.24e-08
15 0.1835530908717698 1.08e-08
16 0.25156416203752285 1.89e-08
17 0.24060142822031116 1.12e-08
18 0.24210338110053262 9.58e-09
19 0.24108938226671489 9.98e-09
20 0.21717802867044134 1.36e-08
21 0.20953111541155431 1.32e-08
22 0.23522320402711036 9.88e-09
23 0.23286074049748076 1.13e-08
24 0.19511596634729877 1.03e-08
25 0.23522320402710914 8.74e-09
26 0.23116061462963949 8.81e-09
27 0.24080360677539364 8.82e-09
28 0.29554301480060124 1.12e-08
29 0.24549637321784218 1.08e-08
30 0.25655256379503355 1.52e-08
31 0.25804751013646715 1.67e-08
32 0.22321045199696901 2.32e-08
33 0.25336494530316189 1.44e-08
34 0.19511596634729966 9.79e-09
35 0.19511596634729994 9.37e-09
36 0.23157073068263925 8.58e-09
37 0.26568576275093037 1.45e-08
38 0.19066071691863309 9.54e-09
39 0.2446111257205105 7.71e-09
40 0.26610704789333017 9.34e-09
41 0.22321045199696726 1.11e-08
42 0.25655256379502184 1.15e-08
43 0.2311606146296398 1.02e-08
44 0.23157073068263773 9e-09
45 0.24903495641117251 1.38e-08
46 0.26016294233741488 1.15e-08
47 0.24461112572051139 9.59e-09
48 0.21717802867044123 9.63e-09
49 0.24395818594477994 1.05e-08
50 0.24549637321784387 1.06e-08
51 0.2552648481545311 1.47e-08
52 0.11535724469103083 5.49e-09
53 0.27568525662828469 1.09e-08
54 0.25105794215990768 6.61e-09
55 0.23157073068264081 1.64e-08
56 0.2616818467641473 1.37e-08
57 0.21717802867044153 1.24e-08
58 0.19066071691863182 7.55e-09
59 0.26004509870279352 8.56e-09
60 0.29596638364775241 1.4e-08
61 0.25120548802006953 1.03e-08
62 0.28386164109589074 1.89e-08
63 0.25481365310653326 1.66e-08
64 0.26149094869044937 1.44e-08
65 0.25995924231623024 1.08e-08
66 0.11535724469103069 5.74e-09
67 0.23116061462964421 1.44e-08
68 0.19511596634729875 6.21e-09
69 0.25156416203752346 1.95e-08
70 0.25578507312283899 1.18e-08
71 0.18355309087176999 1.44e-08
72 0.27662460846276815 1.47e-08
73 0.28813332045921131 1.18e-08
74 0.26089322991006192 9.59e-09
75 0.26238349473291112 1.1e-08
76 0.2311606146296401 8.75e-09
77 0.13551968162235759 6.69e-09
78 0.25489927782784272 1.77e-08
79 0.23930359076068422 1.45e-08
80 0.23930359076068072 7.44e-09
81 0.23857271243044367 1.06e-08
82 0.24740511678696389 6.45e-09
83 0.25336494530315107 1.08e-08
84 0.11535724469103092 1.25e-08
85 0.25105794215991561 1.84e-08
86 0.13551968162235742 6.88e-09
87 0.23286074049748137 1.62e-08
88 0.27153410538569012 9.65e-09
89 0.23286074049748126 1.21e-08
90 0.28066324965848838 1.84e-08
91 0.27901733972248 1.56e-08
92 0.11535724469103049 4.05e-09
93 0.22321045199696243 1.19e-08
94 0.25120548802007198 1.13e-08
95 0.19511596634730025 1.27e-08
96 0.23673858781949214 1.3e-08
97 0.1906607169186354 1.47e-08
98 0.1951159663472988 9.36e-09
99 0.20953111541155331 1.13e-08
100 0.2289130731567515 9.13e-09
101 0.24550684140805257 1.21e-08
102 0.23522320402710703 7.15e-09
103 0.24108938226671234 7.63e-09
104 0.11535724469103063 5.86e-09
105 0.24549637321784304 1.33e-08
106 0.24549637321784396 9.6e-09
107 0.24998720831773946 1.06e-08
108 0.23157073068264009 1.22e-08
109 0.24550684140805007 1.18e-08
110 0.13551968162235742 6.04e-09
111 0.24097495126904833 1.05e-08
112 0.26718034898850374 1.18e-08
113 0.24374139514861629 8.88e-09
114 0.23157073068264053 1.17e-08
115 0.24740511678697044 1.35e-08
116 0.24550684140805087 1.39e-08
117 0.24374139514861604 1.12e-08
118 0.23857271243044501 1.71e-08
119 0.22891307315675088 7.73e-09
120 0.25285716822235466 1.35e-08
121 0.24550684140805096 1.07e-08
122 0.25294246244940299 1.26e-08
123 0.26554567764019982 1.96e-08
124 0.28255701489909374 1.37e-08
125 0.28582403992628364 1.79e-08
126 0.2867570554705367 1.17e-08
127 0.24210338110053609 1.7e-08
128 0.25154706635129276 1.64e-08
129 0.23157073068263839 9.61e-09
130 0.24305596964577825 9.16e-09
131 0.23673858781948573 1.09e-08
132 0.24619760285962106 1.45e-08
133 0.26238349473291123 1.15e-08
134 0.25969684389440123 1.19e-08
135 0.24998720831774471 1.31e-08
136 0.26280511675744889 1.16e-08
137 0.24374139514861592 1.02e-08
138 0.27661488377583349 1.26e-08
139 0.23857271243044445 1.11e-08
140 0.18355309087176871 8.57e-09
141 0.25782456206527715 1.15e-08
142 0.26825795349586573 1.26e-08
143 0.21342943376152371 1.19e-08
144 0.19511596634729902 1.16e-08
145 0.24633591171203745 1.16e-08
146 0.2608932299100637 1.74e-08
147 0.25178222632918756 8.65e-09
148 6.5010843793560003e-28 9.08e-15
149 0.24998720831774096 9.61e-09
150 0.24550684140805998 2.29e-08
151 0.26937244304105884 1.3e-08
152 0.26758182917516038 1.54e-08
153 0.26804398172753552 1.05e-08
154 0.19511596634729883 7.75e-09
155 0.19511596634729986 1.01e-08
156 0.240803606775395 1.14e-08
157 7.8421016959130551e-28 9.84e-15
158 0.2393035907606838 1.09e-08
159 0.23916393266284769 9.96e-09
160 0.2095311154115557 1.4e-08
161 0.13551968162235811 9.17e-09
162 0.26526884784360727 8.95e-09
163 0.22653959064127513 1.07e-08
164 0.2829426811170333 1.25e-08
165 0.195115966347299 7.33e-09
166 0.27370189732754718 1.49e-08
167 0.25294246244939905 9.17e-09
168 0.24108938226671306 8.12e-09
169 0.13551968162235797 8.79e-09
170 0.21717802867044167 8.51e-09
171 0.30245252473213624 1.18e-08
172 0.24374139514861515 8.4e-09
173 0.24550684140804582 8.58e-09
174 0.24689814623228171 1.38e-08
175 0.275860715159509 1.6e-08
176 0.23673858781948345 1.47e-08
177 0.13551968162235725 7.63e-09
178 0.25285716822234544 7.71e-09
179 0.26647589084604567 1.01e-08
180 0.25633191958490875 1.53e-08
181 0.25633191958490908 1e-08
182 0.23157073068263981 1.18e-08
183 0.23157073068264072 1.28e-08
184 0.24550684140804804 8.65e-09
185 0.23157073068263784 8.99e-09
186 0.13551968162235772 7.86e-09
187 0.25680486247622758 9.49e-09
188 0.26980897237467444 1.33e-08
189 0.25680486247622974 1.65e-08
190 0.25633191958490914 1.47e-08
191 0.26280511675744833 1.12e-08
192 0.24633591171204314 1.49e-08
193 0.23116061462963988 1e-08
194 0.27440048942570261 1.65e-08
195 0.26933445010785029 1.22e-08
196 0.24619760285961886 1.52e-08
197 0.25633191958491103 1.23e-08
198 0.23522320402711161 1.07e-08
199 0.23286074049748148 1.18e-08
# d=7 k=4 starts=200 best 6.5010843793560003e-28
