0 0.27806852061374843 8.24e-09
1 0.25633191958490853 1e-08
2 0.25834703843377727 1.18e-08
3 0.13551968162235731 1.08e-08
4 0.26473192510549087 9.94e-09
5 0.28141122442887434 1.12e-08
6 0.23157073068263806 1.01e-08
7 0.21342943376152473 9.09e-09
8 0.13551968162235825 1.34e-08
9 0.20953111541155073 6.39e-09
10 0.24386133666608556 1.14e-08
11 0.28899714042435815 1.68e-08
12 0.21717802867044245 1.22e-08
13 0.26149094869045586 1.97e-08
14 0.23157073068264167 1.45e-08
15 0.21717802867044059 6.87e-09
16 0.19511596634730069 1.11e-08
17 0.26004509870279335 1.17e-08
18 0.25997706552392436 1.48e-08
19 0.27661488377583471 1.2e-08
20 0.18355309087176921 1.82e-08
21 0.25285716822235088 1.61e-08
22 0.22991883230576643 1.2e-08
23 0.13551968162235717 7.34e-09
24 0.25120548802007608 1.61e-08
25 0.25997706552392319 8.89e-09
26 0.18355309087176813 7.49e-09
27 0.22653959064128096 1.29e-08
28 0.19511596634729964 8.78e-09
29 0.19511596634729902 6.53e-09
30 0.23930359076068158 1.19e-08
31 0.24097495126905003 8.72e-09
32 0.25576053234545515 1.3e-08
33 0.24080360677539714 1.12e-08
34 0.24550684140805018 2.4e-08
35 0.2563319195849158 2.48e-08
36 0.24097495126904944 8.51e-09
37 0.24080360677539472 2.31e-08
38 0.27607729746254062 1.31e-08
39 0.25120548802007142 1.68e-08
40 0.25834703843377294 1.09e-08
41 0.24210338110053806 1.45e-08
42 0.26375485076733002 2.16e-08
43 0.11535724469103063 4.19e-09
44 0.25427856602050075 1.36e-08
45 0.25578507312284143 1.43e-08
46 0.26715637430427297 1.97e-08
47 0.2507366512169043 1.5e-08
48 0.23116061462964402 2.04e-08
49 0.23857271243044351 1.34e-08
50 0.23916393266284663 8.64e-09
51 0.18355309087176822 7.47e-09
52 0.24633591171203353 1.39e-08
53 0.25997706552392236 1.05e-08
54 0.23286074049747829 1.2e-08
55 0.2645472193626614 1.53e-08
56 0.24080360677539489 9.67e-09
57 0.23116061462964163 9.52e-09
58 0.26816476408241491 1.19e-08
59 0.24549637321784701 1.36e-08
60 0.27058852661872124 1.29e-08
61 0.19511596634729947 9.46e-09
62 0.21717802867044134 1.02e-08
63 0.30073871508351419 1.33e-08
64 3.3430214937475864e-28 8.94e-15
65 0.25233756205125468 8.51e-09
66 0.19511596634730116 1.48e-08
67 0.19511596634729936 7.14e-09
68 3.405044141676633e-28 9.69e-15
69 0.22468886452585482 2.08e-08
70 0.25120548802007286 1.2e-08
71 0.26138152970341227 2.21e-08
72 0.11535724469103058 4.99e-09
73 0.26375485076732058 1.52e-08
74 0.27785806968291449 1.37e-08
75 0.23787539357318815 1.03e-08
76 0.23116061462963988 8.42e-09
77 0.28878678566157284 1.2e-08
78 0.2682579534958664 1.62e-08
79 0.22468886452585338 1.69e-08
80 0.11535724469103059 3.45e-09
81 0.2596341544209001 1.24e-08
82 0.21717802867044075 7.06e-09
83 0.24080360677539464 1.01e-08
84 0.24374139514861579 1.19e-08
85 0.24633591171203403 1.78e-08
86 0.2703183839607195 2.02e-08
87 0.26149094869044853 1e-08
88 0.2682579534958639 1.16e-08
89 0.20953111541155231 9.98e-09
90 0.18355309087177032 1.09e-08
91 0.25105794215991145 1.18e-08
92 0.18355309087176905 9.18e-09
93 0.28409829673755577 1.38e-08
94 0.1153572446910308 9.86e-09
95 0.23343846128825876 7.66e-09
96 0.25782456206527554 1.05e-08
97 0.26454721936262809 1.28e-08
98 0.23116061462963949 9.72e-09
99 0.26016294233741399 1.77e-08
100 0.25336494530315312 1.86e-08
101 0.27690538768609979 2.04e-08
102 0.2352232040271075 1.57e-08
103 0.27498370509609338 1.29e-08
104 0.23930359076068425 1.12e-08
105 0.30997539313851091 2.35e-08
106 0.25336494530314552 1.25e-08
107 0.23673858781949053 2.07e-08
108 0.26923979862710112 1.14e-08
109 0.31409251965159035 1.63e-08
110 0.13551968162235811 8.72e-09
111 0.25073665121689137 1.55e-08
112 0.2533649453031534 1.26e-08
113 0.2497267775693271 1.38e-08
114 0.27050919726701883 1.24e-08
115 0.25997706552392374 1.32e-08
116 0.25073665121688943 1.73e-08
117 0.23916393266285135 1.47e-08
118 0.25336494530314574 1.32e-08
119 0.13551968162235714 4.09e-09
120 0.26533334999893698 2.49e-08
121 0.27043384336561244 1.14e-08
122 0.13551968162235781 8.27e-09
123 0.1835530908717678 6.86e-09
124 0.22321045199696557 1.64e-08
125 0.19511596634729944 6.48e-09
126 0.25633191958491058 1.16e-08
127 0.27830848461103341 1e-08
128 0.24395818594479773 1.49e-08
129 0.25120548802006742 1.16e-08
130 0.22583586205660519 1.06e-08
131 0.23116061462963991 8.47e-09
132 0.27406656800702711 1.28e-08
133 0.27975421000269973 1.02e-08
134 0.25294246244940605 1.93e-08
135 0.23157073068263953 1.01e-08
136 0.26149094869045075 1.07e-08
137 0.22991883230576798 1.18e-08
138 0.26848534866787171 1.66e-08
139 0.18355309087177066 2.15e-08
140 0.2629870316973143 9.07e-09
141 0.2766148837758311 8.03e-09
142 0.22991883230576579 8.25e-09
143 0.23157073068263639 6.79e-09
144 0.11535724469103084 5.35e-09
145 0.24550684140804785 8.39e-09
146 0.21717802867044061 6.9e-09
147 0.22468886452585343 1.36e-08
148 0.28005361357059128 1.27e-08
149 0.24998720831774263 1.95e-08
150 0.25107774856013598 1.14e-08
151 0.23116061462963913 7.48e-09
152 0.26554567764018061 2.11e-08
153 0.25154706635127422 9.25e-09
154 0.2583470384337791 1.14e-08
155 0.27160090525611397 9.89e-09
156 0.25963415442090565 1.44e-08
157 0.24903495641115456 1.82e-08
158 0.25321163286956211 1.45e-08
159 0.2548136531065332 1.38e-08
160 0.22891307315675177 9.4e-09
161 0.25540284417217118 9.23e-09
162 0.13551968162235761 6.99e-09
163 0.2705885266187219 1.13e-08
164 0.22991883230576451 1.8e-08
165 0.21717802867044123 8.62e-09
166 0.20953111541155151 8.37e-09
167 0.25800645539820005 1.18e-08
168 0.24097495126905022 9.2e-09
169 0.22653959064127796 1.07e-08
170 0.19511596634729969 1.02e-08
171 0.2629870316973259 1.18e-08
172 0.23857271243044381 8.92e-09
173 0.23157073068263703 1.48e-08
174 0.21717802867044081 8.04e-09
175 0.24740511678696775 1.08e-08
176 0.25120548802006681 1.2e-08
177 0.26894102438116696 1.51e-08
178 0.24395818594479221 1.49e-08
179 0.25151819677591014 9.79e-09
180 0.27589820179878283 1.51e-08
181 0.26683774096426405 1.43e-08
182 0.2463359117120423 1.24e-08
183 0.26280268905439452 1.72e-08
184 0.2246888645258498 8.23e-09
185 0.28312135174253533 9.84e-09
186 0.11535724469103051 3.15e-09
187 0.23116061462964266 1.53e-08
188 0.27719807431730942 2e-08
189 0.23857271243044373 9.22e-09
190 0.27595568555443079 1.66e-08
191 0.26280511675744783 1.62e-08
192 0.27093926108188088 1.46e-08
193 0.23116061462964288 1.87e-08
194 0.25866968082910946 1.72e-08
195 0.23157073068264003 1.47e-08
196 0.26801416135820155 1.09e-08
197 0.25540284417217046 1.22e-08
198 0.24740511678696589 9.68e-09
199 0.23116061462964335 1.09e-08
200 0.23930359076068158 1.32e-08
201 0.25427856602049431 1.73e-08
202 0.26450559544247226 1.11e-08
203 0.23157073068263834 1.43e-08
204 0.23770293387367036 1.66e-08
205 0.21342943376152443 1.08e-08
206 0.24550684140804696 8.89e-09
207 0.2095311154115507 6.55e-09
208 0.24777115049690895 7.97e-09
209 0.23157073068263925 9.79e-09
210 0.11535724469103062 3.86e-09
211 0.27606579066046255 1.18e-08
212 0.28066324965846939 8.86e-09
213 0.25655256379502167 1.53e-08
214 0.23286074049748159 1.91e-08
215 0.28855964045987209 1.2e-08
216 0.23286074049749464 1.92e-08
217 0.23116061462964163 2.31e-08
218 0.25526484815454825 1.19e-08
219 0.22991883230576646 9.3e-09
220 0.24210338110053445 1.08e-08
221 0.26683774096426677 1.17e-08
222 0.26128515941772795 1.68e-08
223 0.26473192510548832 9.5e-09
224 0.24998720831773946 9.69e-09
225 0.26554567764017212 1.08e-08
226 0.1153572446910308 5.56e-09
227 0.23157073068263825 1.06e-08
228 0.27730844153865908 1.81e-08
229 0.23286074049747835 8.67e-09
230 0.24210338110053245 8.78e-09
231 0.26703858782527023 2.13e-08
232 0.27585722895011233 2.07e-08
233 0.24210338110053517 1.13e-08
234 0.25800645539819866 1.93e-08
235 0.27139544617889072 9.3e-09
236 0.23522320402710831 9.76e-09
237 0.19511596634730094 1.25e-08
238 0.25336494530314535 1.22e-08
239 0.18355309087176755 9.84e-09
240 0.18355309087176749 6.74e-09
241 0.22321045199696496 9.74e-09
242 0.28274031069149358 1.26e-08
243 0.21717802867044203 9.7e-09
244 0.25576053234545204 2.91e-08
245 0.25336494530315679 1.18e-08
246 0.28928110827454095 1.7e-08
247 0.28262369485791589 1.75e-08
248 0.29569615556728074 1.24e-08
249 0.25105794215991323 1.08e-08
250 0.24746084506005964 7.85e-09
251 0.23116061462963977 1.18e-08
252 0.25178222632919645 2.46e-08
253 0.23157073068263723 7.32e-09
254 0.23157073068263878 1.07e-08
255 0.27310041710591648 1.24e-08
256 0.24740511678696447 8.83e-09
257 0.2775925370807017 1.23e-08
258 0.27681415749804394 1.52e-08
259 0.27585722895010734 1.45e-08
260 0.23157073068264009 1.2e-08
261 0.24210338110053506 1.38e-08
262 0.2232104519969618 8.57e-09
263 0.29920764475079908 2.21e-08
264 0.2449590498923003 1.12e-08
265 0.27885546812284512 1.17e-08
266 0.28069772909091917 1.31e-08
267 0.26887175073041819 1.45e-08
268 0.29999194321544281 1.98e-08
269 0.25393550694487671 1.01e-08
270 0.26450559544248092 1.77e-08
271 0.24495904989229783 7.65e-09
272 0.25804751013642974 1.26e-08
273 0.13551968162235767 7.1e-09
274 0.2410893822667122 7.74e-09
275 0.28103560402909705 1.13e-08
276 0.24305596964577708 8.71e-09
277 0.24550684140805204 1.28e-08
278 0.27247580754000961 1.15e-08
279 0.24495904989230002 1.28e-08
280 0.2566363901806154 1.3e-08
281 0.24060142822030625 8.92e-09
282 0.25526484815455652 1.64e-08
283 0.30720217394270227 1.19e-08
284 0.26575977252704319 2.54e-08
285 0.26280511675744578 9.19e-09
286 0.25969684389440167 9.83e-09
287 0.23857271243044301 7.74e-09
288 0.22468886452584869 1.02e-08
289 0.2232104519969644 1.08e-08
290 0.23157073068264217 1.25e-08
291 0.23157073068263748 8.71e-09
292 0.25969684389440373 1.97e-08
293 0.25178222632918801 1.55e-08
294 0.24495904989229828 8.53e-09
295 0.19511596634729944 1.55e-08
296 0.27328101510108543 1.95e-08
297 0.24210338110053289 1.08e-08
298 0.26715637430426187 1.7e-08
299 0.13551968162235833 9.28e-09
300 0.23930359076068564 1.12e-08
301 0.19511596634730125 1.31e-08
302 0.23286074049747701 1.37e-08
303 0.22468886452585182 1.89e-08
304 0.28155753042486675 1.83e-08
305 0.28097866370988744 1.19e-08
306 0.1951159663472988 6.49e-09
307 0.26149094869045103 1.14e-08
308 0.25105794215991073 1.04e-08
309 0.18355309087176983 1.14e-08
310 0.29548281986970626 1.21e-08
311 0.23157073068263798 7.1e-09
312 0.22468886452584974 8.76e-09
313 0.24633591171204897 1.21e-08
314 0.24080360677539908 2.25e-08
315 0.25897287140956632 1.6e-08
316 0.26715637430426148 1.12e-08
317 0.25393550694487632 9.01e-09
318 0.23157073068264075 1.17e-08
319 0.27370189732753936 1.39e-08
320 0.26520921633909922 1.41e-08
321 0.24549637321784504 1.18e-08
322 0.23857271243044328 1.46e-08
323 0.29168177958425956 2.25e-08
324 0.27406656800701973 1.28e-08
325 0.26825795349586523 1.15e-08
326 0.25997706552392241 9.13e-09
327 0.24210338110053367 8.99e-09
328 0.24386133666608562 7.23e-09
329 0.26016294233741877 1.21e-08
330 0.24633591171203215 1.65e-08
331 0.23157073068263678 7.46e-09
332 0.23916393266286831 1.28e-08
333 0.22891307315675224 1.1e-08
334 0.29969005683654087 1.26e-08
335 0.22891307315675133 8.28e-09
336 0.23787539357318968 1.23e-08
337 0.2523375620512564 1.37e-08
338 0.29513921800968951 1.38e-08
339 0.19511596634730158 1.05e-08
340 0.24395818594478616 1.45e-08
341 0.22468886452584921 7.88e-09
342 0.25156416203752208 1.31e-08
343 0.23286074049748065 1.27e-08
344 0.27756424956724174 1.16e-08
345 0.23286074049747865 1.45e-08
346 0.26004509870279974 1.37e-08
347 0.25105794215991045 8.55e-09
348 0.25393550694487527 7.61e-09
349 0.25073665121689631 1.32e-08
350 0.23157073068264092 1.15e-08
351 0.13551968162235747 6.22e-09
352 0.24210338110053956 1.72e-08
353 0.24374139514861748 1.44e-08
354 0.25731458110428196 1.96e-08
355 0.25285716822235244 1.26e-08
356 0.23157073068263864 1.03e-08
357 0.2171780286704415 9.34e-09
358 0.25726452137316241 2.16e-08
359 0.24490521303576909 1.11e-08
360 0.24972677756931672 1.55e-08
361 0.22468886452585227 1.1e-08
362 0.25489927782785948 1.45e-08
363 0.25800645539820249 1.17e-08
364 0.25294246244940244 1.07e-08
365 0.2455068414080496 1.12e-08
366 0.23157073068264211 1.27e-08
367 0.2523375620512523 1.64e-08
368 0.22653959064128831 1.27e-08
369 0.24305596964577847 9.37e-09
370 0.24305596964577919 9.98e-09
371 0.1906607169186329 9.62e-09
372 0.24746084506006155 9.3e-09
373 0.1835530908717681 7.27e-09
374 0.25782456206527637 1.14e-08
375 0.26280511675745089 1.2e-08
376 0.27730792855822228 1.72e-08
377 0.24097495126905114 1.13e-08
378 0.28765417645858188 1.87e-08
379 0.23157073068264108 1.25e-08
380 0.23673858781948223 1.36e-08
381 0.22991883230576551 7.6e-09
382 0.30342138845750677 1.23e-08
383 0.21717802867044084 7.26e-09
384 0.28363776505150257 1.2e-08
385 0.24080360677539348 8.14e-09
386 0.25963415442089743 7.14e-09
387 0.25995924231622936 1.23e-08
388 0.27737273660618461 1.22e-08
389 0.22321045199696371 9.31e-09
390 0.25726452137316536 1.42e-08
391 0.30471660632287934 1.83e-08
392 0.11535724469103069 6.67e-09
393 0.22468886452585118 1.1e-08
394 0.25115360423254102 1.15e-08
395 0.2737136886061538 2.08e-08
396 0.25633191958490781 1.3e-08
397 0.27371368860615203 1.14e-08
398 0.27681415749802857 1.89e-08
399 0.25489927782784189 1.25e-08
400 0.2668223551394252 1.28e-08
401 0.26575977252703664 1.63e-08
402 0.19066071691863204 7.46e-09
403 0.24461112572051349 1.35e-08
404 0.18355309087176958 1.1e-08
405 0.2454963732178444 1.05e-08
406 0.27474096948925658 1.07e-08
407 0.21342943376152249 6.25e-09
408 0.19066071691863506 1.33e-08
409 0.20953111541155137 8.5e-09
410 0.21717802867044059 6.26e-09
411 0.27615663854351458 1.2e-08
412 0.22891307315675252 1.06e-08
413 0.27945527352797284 1.25e-08
414 0.2951912355186736 1.93e-08
415 0.26298703169732152 1.53e-08
416 0.24633591171204536 1.17e-08
417 0.21342943376152373 1.58e-08
418 0.24080360677539553 1.04e-08
419 0.25663639018060841 1.22e-08
420 0.25726452137316441 1.33e-08
421 0.24461112572051052 7.67e-09
422 0.23916393266284589 1.07e-08
423 0.23116061462964313 1.1e-08
424 0.22991883230576596 9.05e-09
425 0.25120548802007453 1.38e-08
426 0.23116061462963869 1.24e-08
427 0.23286074049748329 1.16e-08
428 0.18355309087176841 7.97e-09
429 0.25663639018061607 1.46e-08
430 0.24097495126904933 1.6e-08
431 0.23930359076068267 9.74e-09
432 0.26089322991006758 1.37e-08
433 0.25658977117659842 1.07e-08
434 0.2461976028596185 1.88e-08
435 0.24305596964577847 1.34e-08
436 0.23157073068264003 1.84e-08
437 0.30501554519454488 1.32e-08
438 0.25154706635127377 2.07e-08
439 0.2835625809006978 1.47e-08
440 0.27690538768610684 2.53e-08
441 0.25105794215991201 1.15e-08
442 0.26238349473291211 1.98e-08
443 0.23157073068263936 9.71e-09
444 0.23157073068264078 1.58e-08
445 0.24490521303576351 1.02e-08
446 0.23857271243044431 1.92e-08
447 0.19511596634729994 1.06e-08
448 0.11535724469103067 5.24e-09
449 0.25233756205125968 1.19e-08
450 0.26937244304106028 1.19e-08
451 0.23522320402711219 1.64e-08
452 0.2709392610818796 1.38e-08
453 0.24097495126905352 1.23e-08
454 0.21342943376152274 7.11e-09
455 0.13551968162235745 6.82e-09
456 0.21717802867044095 8.17e-09
457 0.25905296732563393 1.27e-08
458 0.2406014282203065 9.12e-09
459 0.21717802867044098 1.15e-08
460 0.24461112572051058 8.41e-09
461 0.24903495641117701 1.46e-08
462 0.24998720831775045 1.71e-08
463 0.25800645539820122 2.49e-08
464 0.26801416135820227 9.48e-09
465 0.24461112572051358 1.21e-08
466 0.24210338110053348 8.38e-09
467 0.20172594886909187 1.13e-08
468 0.24395818594478352 1.16e-08
469 0.26873077132287082 1.4e-08
470 0.26533334999893837 1.32e-08
471 0.22468886452585143 1.04e-08
472 0.2446111257205178 2.33e-08
473 0.22468886452584946 9.91e-09
474 0.22468886452585421 1.31e-08
475 0.24060142822030611 8.89e-09
476 0.11535724469103076 5.91e-09
477 0.26536254962820827 1.01e-08
478 0.18355309087176752 6.12e-09
479 0.23286074049747843 1.06e-08
480 0.11535724469103049 3.49e-09
481 0.28581897041885451 1.58e-08
482 0.26534048620460543 1.86e-08
483 0.2578245620652771 1.04e-08
484 0.27818893320997712 1.18e-08
485 0.24619760285962067 1.21e-08
486 0.13551968162235728 5.12e-09
487 0.13551968162235772 8.13e-09
488 0.25655256379502961 1.21e-08
489 0.23157073068263651 8.04e-09
490 0.24395818594478588 1.44e-08
491 0.28450693597860471 1.68e-08
492 0.24619760285961825 9.06e-09
493 0.23116061462963955 1.05e-08
494 0.30028558553289181 1.22e-08
495 0.24461112572051061 8.15e-09
496 0.19511596634730058 8.63e-09
497 0.26149094869044931 1.71e-08
498 0.23286074049748842 1.41e-08
499 0.2519778646259031 1.05e-08
500 0.24903495641115525 1.18e-08
501 0.21342943376152571 2.41e-08
502 0.25336494530316495 1.43e-08
503 0.23522320402711061 9.9e-09
504 0.25156416203752269 1.23e-08
505 0.2990017991813988 1.97e-08
506 0.26174653924205088 1.25e-08
507 0.23930359076068156 7.9e-09
508 0.26450616791141068 9.66e-09
509 0.25489927782783539 8.4e-09
510 0.24060142822030489 1.75e-08
511 0.19066071691863362 9.88e-09
512 0.29941659138001886 1.83e-08
513 0.28143128042531113 2.17e-08
514 0.23157073068263812 9.5e-09
515 0.26683774096426544 1.09e-08
516 0.23787539357318674 1.02e-08
517 0.24689814623227196 1.19e-08
518 0.26694797546245991 1.57e-08
519 0.28712368309914205 1.07e-08
520 0.19511596634729941 8.64e-09
521 0.13551968162235803 8.4e-09
522 0.25294246244940904 1.73e-08
523 0.23116061462963972 1.16e-08
524 0.25393550694487671 2.9e-08
525 0.23673858781949855 1.95e-08
526 0.25178222632918767 1.5e-08
527 0.25526484815455208 1.25e-08
528 0.27185564088313097 1.03e-08
529 0.23673858781948764 1e-08
530 0.23930359076067989 7.4e-09
531 0.24461112572051458 1.95e-08
532 0.2510777485601331 7.15e-09
533 0.24108938226671248 7.5e-09
534 0.26004509870279635 2.36e-08
535 0.25427856602049165 1.28e-08
536 0.22468886452585229 1.1e-08
537 0.24097495126905399 1.21e-08
538 0.27329727944142229 1.33e-08
539 0.24998720831774418 9.94e-09
540 0.1835530908717678 7.66e-09
541 0.23522320402711416 1.32e-08
542 0.24108938226671339 1.43e-08
543 0.24633591171204577 1.53e-08
544 0.26094007319823576 1.01e-08
545 0.26667887901118242 1.1e-08
546 0.21717802867044128 8.19e-09
547 0.22583586205660577 1.25e-08
548 0.27329727944142201 1.81e-08
549 0.25178222632919012 1.39e-08
550 0.28141122442888217 3.09e-08
551 0.25105794215990779 1.24e-08
552 0.24549637321784473 1.01e-08
553 2.7602659074551191e-28 6.9e-15
554 0.22321045199696438 9.46e-09
555 0.24080360677539495 9.71e-09
556 0.25800645539820005 1e-08
557 0.21717802867044228 1.62e-08
558 0.25120548802007253 1.26e-08
559 0.25481365310652559 1.12e-08
560 0.2246888645258508 9.43e-09
561 0.23673858781949517 1.29e-08
562 0.27181333356216819 1.87e-08
563 0.24689814623228065 1.39e-08
564 0.18355309087176805 7.02e-09
565 0.25481365310652571 1.18e-08
566 0.18355309087176891 8.72e-09
567 0.28946821478464541 1.25e-08
568 0.231570730682637 8.91e-09
569 0.22321045199696618 1.05e-08
570 0.27050919726701439 1.79e-08
571 0.20172594886909051 7.18e-09
572 0.23157073068264161 2.22e-08
573 0.24060142822030922 9.99e-09
574 0.26632816103592083 1.07e-08
575 0.23522320402710684 8.39e-09
576 0.20953111541155137 8.08e-09
577 0.26138152970340706 9.92e-09
578 0.27880803458899334 2.3e-08
579 0.13551968162235795 1.01e-08
580 0.19066071691863351 1.11e-08
581 0.24374139514861501 8.83e-09
582 0.21717802867044106 8.95e-09
583 0.25866968082910857 1.46e-08
584 0.22891307315675102 7.18e-09
585 0.2533649453031574 1.53e-08
586 0.23930359076068106 7.65e-09
587 0.2461976028596202 1.56e-08
588 0.23522320402711219 1.38e-08
589 0.26533334999893837 1.26e-08
590 0.22468886452585002 9.25e-09
591 0.23286074049748151 1.09e-08
592 0.24080360677539261 7.88e-09
593 0.18355309087176838 7.94e-09
594 0.23673858781948329 9.38e-09
595 0.24072786147124872 1.06e-08
596 0.22653959064128118 1.71e-08
597 0.28008480371406969 1.83e-08
598 0.25294246244940294 1.12e-08
599 0.25120548802006781 9.94e-09
600 0.1951159663472993 7.34e-09
601 0.24060142822030797 1.07e-08
602 0.24305596964577639 6.28e-09
603 0.24097495126904889 1.46e-08
604 0.22468886452584852 1e-08
605 0.28409829673754811 1.11e-08
606 0.24395818594480259 1.68e-08
607 0.23286074049748101 1.02e-08
608 0.2171780286704417 1.19e-08
609 0.23157073068263975 1.14e-08
610 0.24097495126905116 1.08e-08
611 0.24972677756931932 9.17e-09
612 0.27371368860614975 9.66e-09
613 0.27526913947577919 9.65e-09
614 0.24461112572051066 9.11e-09
615 0.24619760285962278 1.29e-08
616 0.18355309087176896 8.63e-09
617 0.26222125841061622 1.49e-08
618 0.25834703843377255 1.06e-08
619 0.19511596634729916 6.68e-09
620 0.29020026323816056 1.65e-08
621 0.28624309625282918 1.28e-08
622 0.24210338110053331 1.13e-08
623 0.26848534866786755 1.17e-08
624 0.23286074049747554 1.22e-08
625 0.24972677756931436 8.08e-09
626 0.2454963732178452 1.03e-08
627 0.2792552456867291 1.49e-08
628 0.23157073068263895 1.12e-08
629 0.24619760285961786 8.85e-09
630 0.26726461764870502 1.16e-08
631 0.25655256379502134 1.06e-08
632 0.28581897041884652 1.38e-08
633 0.25393550694487699 9.96e-09
634 0.21717802867044037 6.01e-09
635 0.18355309087176819 7.47e-09
636 0.26230011395112035 8.87e-09
637 0.27139544617889066 9.62e-09
638 0.18355309087176755 7e-09
639 0.26575977252703659 1.52e-08
640 0.2461976028596243 1.78e-08
641 0.21717802867044239 1.48e-08
642 0.27203052519322019 1.1e-08
643 0.24972677756931547 1.04e-08
644 0.18355309087177019 1.07e-08
645 0.22468886452585052 9.79e-09
646 0.27043384336562304 2.54e-08
647 0.18355309087177035 1.19e-08
648 0.26732169595296329 1.87e-08
649 0.26672830979917739 9.45e-09
650 0.231570730682639 1.06e-08
651 0.28161606013140961 1.04e-08
652 0.24395818594478566 1.21e-08
653 0.26960397962740723 1.07e-08
654 0.25120548802007037 1.02e-08
655 0.262805116757447 1.05e-08
656 0.2246888645258496 8.82e-09
657 0.19511596634729875 7.28e-09
658 0.25540284417217157 1.32e-08
659 0.24972677756932521 1.27e-08
660 0.28534855694646688 1.41e-08
661 0.28912031279591782 1.67e-08
662 0.25540284417217179 1.29e-08
663 0.20953111541155145 8.48e-09
664 0.26149094869045386 2.02e-08
665 0.2299188323057651 1.75e-08
666 0.24633591171203195 1.34e-08
667 0.26365194088891963 1.08e-08
668 0.13551968162235722 1.04e-08
669 0.24374139514861595 8.49e-09
670 0.23522320402711144 1.05e-08
671 0.25800645539820483 1.29e-08
672 0.2849768970103802 1.25e-08
673 0.24374139514861684 1.04e-08
674 0.11535724469103084 5.59e-09
675 0.25633191958491242 1.59e-08
676 0.24495904989229983 9.65e-09
677 0.24108938226671259 7.65e-09
678 0.2580475101364566 1.46e-08
679 0.20953111541155234 1.55e-08
680 0.23857271243044417 1.09e-08
681 0.25680486247622641 8.13e-09
682 0.19511596634729897 5.92e-09
683 0.20953111541155198 1.12e-08
684 0.25633191958490698 8.08e-09
685 0.19511596634729958 9.57e-09
686 0.26330919112105372 1.68e-08
687 0.23157073068263764 8.75e-09
688 0.25336494530314291 1.04e-08
689 0.1951159663473 1.9e-08
690 0.21717802867044109 7.6e-09
691 0.23157073068263798 8.16e-09
692 0.22321045199696388 1.03e-08
693 0.24072786147124622 9.92e-09
694 0.31366117769789681 1.95e-08
695 0.23857271243044226 6.53e-09
696 0.22653959064128301 1.34e-08
697 0.24374139514861806 1.37e-08
698 0.26667887901118481 1.55e-08
699 0.26718034898850307 1.25e-08
700 0.24080360677539317 1.43e-08
701 0.251057942159918 1.43e-08
702 0.25427856602048587 1.21e-08
703 0.27615663854351008 1.13e-08
704 0.24374139514861559 1.05e-08
705 0.27455599550555304 9.85e-09
706 0.19511596634729927 7.55e-09
707 0.26089322991006314 1.77e-08
708 0.32090348157270543 1.38e-08
709 0.13551968162235703 3.86e-09
710 0.1906607169186316 8.04e-09
711 0.23116061462963847 8.32e-09
712 0.25120548802006964 1.09e-08
713 0.24998720831773916 9.35e-09
714 0.25578507312283816 1.04e-08
715 0.19511596634729969 1.06e-08
716 0.21717802867044084 1.79e-08
717 0.23286074049747621 7.28e-09
718 0.23157073068263823 1.19e-08
719 0.19066071691863384 1.2e-08
720 0.19066071691863334 1.04e-08
721 0.23522320402710975 9.95e-09
722 0.26149094869045286 1.9e-08
723 0.11535724469103058 3.83e-09
724 0.2512054880200682 1.26e-08
725 0.11535724469103052 3.63e-09
726 0.23157073068263792 8.89e-09
727 0.13551968162235772 7.63e-09
728 0.21717802867044106 1.15e-08
729 0.26980897237467427 1.31e-08
730 0.23857271243044365 1.05e-08
731 0.22468886452584852 7.46e-09
732 0.24097495126905016 1.05e-08
733 0.30822445583912778 1.39e-08
734 0.24461112572051108 8.93e-09
735 0.23116061462964002 1.11e-08
736 0.26536254962820854 1.42e-08
737 0.25969684389440534 1.4e-08
738 0.2246888645258516 1.35e-08
739 0.23157073068264275 1.34e-08
740 0.19511596634730025 7.86e-09
741 0.24746084506006261 1.06e-08
742 0.23157073068263617 7e-09
743 0.240974951269049 1.14e-08
744 0.23157073068263914 1.85e-08
745 0.26149094869044898 1.05e-08
746 0.23673858781949883 1.32e-08
747 0.22321045199696657 1.35e-08
748 0.26568576275092376 1.29e-08
749 0.23286074049747871 1.34e-08
750 0.12361044274791304 4.61e-09
751 0.11535724469103055 3.4e-09
752 0.28581897041884591 1.16e-08
753 0.25105794215991106 1.08e-08
754 0.25489927782784644 1.08e-08
755 0.19066071691863212 7.59e-09
756 0.2633091911210414 1.24e-08
757 0.21717802867044306 1.26e-08
758 0.25633191958491008 1.22e-08
759 0.26089322991006542 1.23e-08
760 0.2653404862046036 1.02e-08
761 0.24746084506006122 8.96e-09
762 1.9633392076270135e-28 5.22e-15
763 0.20172594886909159 1.01e-08
764 0.13551968162235709 4.49e-09
765 0.24060142822030983 1.05e-08
766 0.20953111541155198 9.08e-09
767 0.25294246244940688 1.35e-08
768 0.11535724469103066 4.29e-09
769 0.22583586205660433 9.28e-09
770 0.24374139514861587 1e-08
771 0.28399852946480131 9.76e-09
772 0.23916393266285069 1.07e-08
773 0.23116061462963911 8.92e-09
774 0.22468886452585082 1.01e-08
775 0.24633591171202915 1.31e-08
776 0.27849486038185861 1.19e-08
777 0.13551968162235833 9.77e-09
778 0.21717802867044089 7.8e-09
779 0.23343846128825846 9.21e-09
780 0.2616818467641972 1.58e-08
781 0.23116061462963985 1.07e-08
782 0.27661488377583754 2.21e-08
783 0.2474051167869665 1.2e-08
784 0.24746084506006275 1.16e-08
785 0.18355309087176766 7.16e-09
786 0.2685922259266853 1.6e-08
787 0.25663639018061346 1.5e-08
788 0.21342943376152504 1.66e-08
789 0.25156416203751836 5.33e-09
790 0.11535724469103092 7.72e-09
791 0.23116061462963897 9.43e-09
792 0.24550684140804957 1.04e-08
793 0.23286074049747618 8.81e-09
794 0.19511596634729969 1.14e-08
795 0.26149094869044903 9.06e-09
796 0.25726452137316091 1.03e-08
797 0.26004509870279308 9.2e-09
798 0.21342943376152407 8.11e-09
799 0.13551968162235781 7.72e-09
800 0.25154706635127844 1.11e-08
801 0.27498370509609127 1.61e-08
802 0.29173422285802481 1.21e-08
803 0.23116061462964102 9.94e-09
804 0.26873077132287482 1.57e-08
805 0.23157073068263817 8.4e-09
806 0.27410729140214735 1.64e-08
807 0.23857271243044248 7.33e-09
808 0.21342943376152326 9.81e-09
809 0.23673858781948937 1.09e-08
810 0.19511596634730025 7.84e-09
811 0.25834703843377338 1.26e-08
812 1.1161611436899562e-28 6.04e-15
813 0.25151819677590748 1.11e-08
814 0.26825795349586301 9.75e-09
815 0.26923979862710029 9.79e-09
816 0.19511596634730005 7.58e-09
817 0.27371368860615136 1.5e-08
818 0.25633191958490842 1.03e-08
819 0.25526484815452771 1.11e-08
820 5.0511672800235137e-28 8.81e-15
821 0.19511596634730125 1.57e-08
822 0.24097495126904689 6.82e-09
823 0.25633191958491042 1.18e-08
824 0.24080360677539378 9.1e-09
825 0.2232104519969644 1.06e-08
826 0.2171780286704425 1.03e-08
827 0.26479997423972895 1.24e-08
828 0.25834703843379536 1.62e-08
829 0.24495904989230005 1.2e-08
830 0.24210338110053461 1.53e-08
831 0.25120548802006692 8.53e-09
832 0.2421033811005345 9.42e-09
833 0.21717802867044153 9.44e-09
834 0.23286074049748762 2.5e-08
835 0.25578507312283594 1.57e-08
836 0.25233756205125446 8.19e-09
837 0.28177776873784544 1.59e-08
838 0.19511596634729866 8.04e-09
839 0.23522320402710842 1.13e-08
840 0.25680486247622913 1.78e-08
841 0.27719807431727572 1.49e-08
842 0.2728969327574462 1.88e-08
843 0.26298703169732141 1.22e-08
844 0.27177282363864858 1.41e-08
845 0.27868643397665294 1.26e-08
846 0.23286074049748307 1.27e-08
847 0.18355309087176985 1.72e-08
848 0.243055969645779 1.25e-08
849 0.11535724469103112 9.76e-09
850 0.28895260566878167 1.68e-08
851 0.28576156845516049 1.46e-08
852 0.21717802867044139 8.21e-09
853 0.25726452137315964 8.46e-09
854 0.23157073068263925 9.82e-09
855 0.25663639018061263 1.7e-08
856 0.24374139514861412 7.68e-09
857 0.22468886452585515 1.29e-08
858 0.25053881760416485 9.49e-09
859 0.24395818594479982 1.31e-08
860 0.28017792250596663 1.32e-08
861 0.24060142822030492 6.95e-09
862 0.25655256379503216 1.31e-08
863 0.27585722895010323 1.44e-08
864 0.27308341858537433 1.46e-08
865 0.27371368860615053 9.64e-09
866 0.22321045199696199 8.7e-09
867 0.13551968162235714 4.87e-09
868 0.23857271243044251 6.92e-09
869 0.23522320402711663 1.29e-08
870 0.26887175073041764 1.46e-08
871 0.25800645539820144 1.14e-08
872 0.23857271243044301 8.61e-09
873 0.24080360677539503 9.87e-09
874 0.24495904989229805 1.45e-08
875 0.25655256379502633 1.06e-08
876 0.22468886452585263 1.33e-08
877 0.2737851110042312 1.06e-08
878 0.27370189732754013 1.05e-08
879 0.28356258090069408 1.24e-08
880 0.30021146323391235 1.78e-08
881 0.26375485076731814 1.9e-08
882 0.24549637321784398 1.24e-08
883 0.23930359076068239 1.47e-08
884 0.24777115049690923 1.05e-08
885 0.18355309087176808 1.12e-08
886 0.25122696117196724 1.63e-08
887 0.23157073068263656 1.51e-08
888 0.25680486247622847 1.19e-08
889 0.23857271243044351 1.54e-08
890 0.26411888627078672 2.39e-08
891 0.24633591171205774 2.01e-08
892 0.24619760285962083 1.16e-08
893 0.24080360677539375 9.52e-09
894 0.22891307315675177 9.42e-09
895 0.24903495641114953 1.04e-08
896 0.18355309087176749 5.8e-09
897 0.26526884784360932 1.09e-08
898 0.23522320402710709 7.15e-09
899 0.24080360677540186 1.45e-08
900 0.21717802867044186 9.38e-09
901 0.27410729140212159 1.1e-08
902 0.24550684140805096 1.47e-08
903 0.25834703843377443 1e-08
904 0.24777115049691081 1.82e-08
905 0.26632816103592688 1.49e-08
906 0.28064546875725283 1.52e-08
907 0.21717802867044148 8.45e-09
908 0.25481365310653059 1.22e-08
909 0.27236566130216144 1.41e-08
910 0.24972677756931747 1.28e-08
911 0.19511596634729997 1.21e-08
912 0.18355309087176827 7.55e-09
913 0.23930359076068261 9.57e-09
914 0.23116061462963988 1.01e-08
915 0.18355309087176869 9.39e-09
916 0.13551968162235714 4.88e-09
917 0.25233756205125607 9.57e-09
918 0.25676221767676938 1.42e-08
919 0.26568576275091843 1.18e-08
920 2.9311190046815995e-28 9.86e-15
921 0.26610704789334033 1.27e-08
922 0.24374139514861701 9.77e-09
923 0.27476140444083974 1.65e-08
924 0.26454721936267561 1.75e-08
925 0.1835530908717686 8.66e-09
926 0.25156416203752874 1.86e-08
927 0.28285367777240666 2.97e-08
928 0.21717802867044009 5.42e-09
929 0.23157073068263764 9.26e-09
930 0.26138152970340506 9.84e-09
931 0.23930359076068355 9.64e-09
932 0.11535724469103059 5.52e-09
933 0.26375485076731664 1.51e-08
934 0.20953111541155062 6.45e-09
935 0.24972677756931466 8.85e-09
936 0.23286074049747829 1.31e-08
937 0.24108938226671203 7.13e-09
938 0.23116061462963919 8.06e-09
939 0.24633591171202174 1.34e-08
940 0.22583586205660561 9.39e-09
941 0.24108938226671323 1.18e-08
942 0.24072786147124739 9.03e-09
943 0.22653959064127271 1.38e-08
944 0.2017259488690909 1.43e-08
945 0.25578507312283566 9.94e-09
946 0.24080360677539694 1.78e-08
947 0.28217029611004985 1.58e-08
948 0.23286074049749275 1.5e-08
949 0.24461112572051136 1.09e-08
950 0.26174653924204844 1.34e-08
951 0.24080360677539467 1.08e-08
952 0.27989991452220048 1.31e-08
953 0.26089322991006064 8.94e-09
954 0.13551968162235756 7.02e-09
955 0.24395818594480426 1.98e-08
956 0.24060142822030578 1.51e-08
957 0.26821206870187791 9.94e-09
958 0.13551968162235736 5.96e-09
959 4.2457741921598818e-28 8.85e-15
960 0.28221456006600509 1.21e-08
961 0.23857271243044409 1.16e-08
962 0.24060142822031261 1.55e-08
963 0.28070231623053393 1.69e-08
964 0.25997706552392236 9.74e-09
965 0.26335439899484003 1.19e-08
966 0.27329727944142196 1.06e-08
967 0.25336494530315878 2.29e-08
968 0.24080360677540588 2.11e-08
969 0.24633591171204064 1.78e-08
970 0.29200734318132404 1.27e-08
971 0.2315707306826382 9.69e-09
972 0.22468886452585229 1.32e-08
973 0.23157073068264061 9.97e-09
974 0.24740511678696717 1.05e-08
975 0.26375485076731436 1.3e-08
976 0.23857271243044559 1.17e-08
977 0.26829296090359678 1.59e-08
978 0.23930359076068555 1.24e-08
979 0.2952028991141174 1.29e-08
980 0.22468886452585085 1.37e-08
981 0.18355309087176808 7.19e-09
982 0.26335439899483865 1.1e-08
983 0.11535724469103063 3.34e-09
984 0.24550684140805265 1.97e-08
985 0.24395818594478103 9.41e-09
986 0.27901733972247783 1.63e-08
987 0.19511596634730038 8.18e-09
988 0.23770293387366734 1.26e-08
989 0.24495904989230205 1.24e-08
990 0.23770293387366487 9.46e-09
991 0.24549637321784748 1.31e-08
992 0.23286074049747696 1.11e-08
993 0.23157073068263836 1.17e-08
994 0.30523301934043473 2.33e-08
995 0.26365194088892058 1.18e-08
996 0.27925641472096702 9.67e-09
997 0.22468886452585421 1.22e-08
998 0.24080360677539825 1.46e-08
999 0.21717802867044136 1.47e-08
1000 0.23157073068263906 1.82e-08
1001 0.25633191958491058 1.43e-08
1002 0.24619760285962217 1.52e-08
1003 0.27690538768612283 2.66e-08
1004 0.28803881248174462 1.38e-08
1005 0.11535724469103081 5.36e-09
1006 0.28427773600820982 1.27e-08
1007 0.12361044274791333 6.8e-09
1008 0.2583470384337761 1.08e-08
1009 0.23930359076068541 1.18e-08
1010 4.95732826941319e-28 8.72e-15
1011 0.25633191958491092 1.49e-08
1012 0.24461112572051041 1.49e-08
1013 0.22468886452584985 9.5e-09
1014 0.24746084506006419 1.29e-08
1015 0.24305596964578091 1.4e-08
1016 0.26149094869045214 1.17e-08
1017 0.24080360677539583 1.04e-08
1018 0.25073665121688171 1.15e-08
1019 0.24210338110053523 9.8e-09
1020 0.27378511100422959 1.13e-08
1021 0.23673858781949528 1.26e-08
1022 0.23286074049747782 8.51e-09
1023 0.27181333356216347 9.23e-09
1024 0.23157073068263923 1.28e-08
1025 0.13551968162235753 6.62e-09
1026 0.11535724469103067 4.87e-09
1027 0.23857271243044295 8.65e-09
1028 0.25120548802007053 2.35e-08
1029 0.25233756205125846 1.57e-08
1030 0.23157073068263895 1.53e-08
1031 0.27370189732754219 1.78e-08
1032 0.25156416203752024 8.74e-09
1033 0.24080360677540449 2.18e-08
1034 0.26230011395112229 1.07e-08
1035 0.24080360677539722 1.02e-08
1036 0.22891307315675372 1e-08
1037 0.2134294337615246 1.06e-08
1038 0.25154706635128515 1.41e-08
1039 0.23522320402711008 1.05e-08
1040 0.23673858781949281 1.47e-08
1041 0.26004509870279441 9.17e-09
1042 0.23286074049747904 1.03e-08
1043 0.11535724469103066 4.01e-09
1044 0.24550684140805085 1.23e-08
1045 0.23157073068264175 1.08e-08
1046 0.26801416135821987 1.97e-08
1047 0.25800645539819633 1.25e-08
1048 0.24619760285961978 1.35e-08
1049 0.11535724469103065 5.84e-09
1050 0.25285716822234749 9.33e-09
1051 0.28105612312703487 1.22e-08
1052 0.22468886452585085 1.02e-08
1053 0.23522320402710789 8.8e-09
1054 0.23522320402710831 1.2e-08
1055 0.23157073068263836 8.8e-09
1056 0.23522320402710983 1.17e-08
1057 0.27756424956724535 1.25e-08
1058 0.25663639018061513 1.25e-08
1059 0.19511596634729886 6.72e-09
1060 0.28245034573979722 9.6e-09
1061 0.13551968162235759 6.74e-09
1062 0.19511596634729875 7.26e-09
1063 0.24108938226671242 7.63e-09
1064 0.23286074049747621 8.95e-09
1065 0.13551968162235728 5.81e-09
1066 0.24550684140804868 2.12e-08
1067 0.25151819677590836 1e-08
1068 0.26536254962822337 1.35e-08
1069 0.28534855694646488 1.29e-08
1070 0.19066071691863276 1e-08
1071 0.28834541026370919 1.42e-08
1072 0.2867976437165683 1.15e-08
1073 0.1153572446910307 4.44e-09
1074 0.22891307315675186 9.46e-09
1075 0.26816476408241624 1.15e-08
1076 0.23916393266284738 9.08e-09
1077 0.24461112572051072 8.74e-09
1078 0.13551968162235739 5.65e-09
1079 0.26450559544247421 1.25e-08
1080 0.23930359076068267 8.96e-09
1081 0.24395818594477822 1.04e-08
1082 0.2367385878194822 8.69e-09
1083 0.24619760285961659 1.02e-08
1084 0.25481365310652815 1.85e-08
1085 0.13551968162235736 5.68e-09
1086 0.13551968162235734 6.15e-09
1087 0.2723656613021545 1.01e-08
1088 0.25107774856014031 1.55e-08
1089 0.19511596634729908 7.2e-09
1090 0.3102245608936024 1.8e-08
1091 0.25073665121688887 1.12e-08
1092 0.12361044274791311 5.29e-09
1093 0.24972677756932107 1.05e-08
1094 0.27406656800703649 1.46e-08
1095 0.24461112572051122 9.48e-09
1096 0.13551968162235745 5.69e-09
1097 0.25073665121689021 1.16e-08
1098 0.23286074049747527 9.34e-09
1099 0.24395818594481428 1.29e-08
1100 0.23930359076068136 8.43e-09
1101 0.24777115049690945 1.08e-08
1102 0.24740511678696575 9.29e-09
1103 0.28795204676765429 1.25e-08
1104 0.24633591171206232 1.36e-08
1105 0.2134294337615229 1.98e-08
1106 3.343899717802227e-28 8.94e-15
1107 0.25540284417217018 1.2e-08
1108 0.25154706635127672 1.03e-08
1109 0.27236566130215439 1.09e-08
1110 0.24395818594477775 1.09e-08
1111 0.28804379721958079 1.18e-08
1112 0.25782456206528176 1.76e-08
1113 0.24550684140804763 9.62e-09
1114 0.24550684140805143 1.59e-08
1115 0.25115360423253835 9.17e-09
1116 0.27006336373048606 1.68e-08
1117 0.24619760285961839 9.23e-09
1118 0.2477711504969087 6.68e-09
1119 0.29900157409395939 1.89e-08
1120 0.26479997423972668 1.26e-08
1121 0.22468886452585002 8.64e-09
1122 0.25800645539819633 1.03e-08
1123 0.29029730832339629 1.45e-08
1124 0.24461112572051441 2.04e-08
1125 0.19511596634729847 5.19e-09
1126 0.2299188323057717 1.47e-08
1127 0.2685922259266838 1.08e-08
1128 0.13551968162235714 5.58e-09
1129 0.11535724469103056 4.16e-09
1130 0.22468886452585191 1.15e-08
1131 0.19511596634729944 1.22e-08
1132 0.24097495126905039 9.94e-09
1133 0.1355196816223575 6.29e-09
1134 0.21717802867044095 7.59e-09
1135 0.2515181967759117 1.07e-08
1136 0.25115360423254196 1.27e-08
1137 0.24495904989229969 9.66e-09
1138 0.11535724469103086 7.37e-09
1139 0.23157073068263806 8.94e-09
1140 0.25680486247623024 1.33e-08
1141 0.24374139514861787 1.17e-08
1142 0.23522320402711072 1.04e-08
1143 0.24374139514861429 7e-09
1144 0.27328101510107061 1.61e-08
1145 0.18355309087177046 1.35e-08
1146 0.21717802867044303 1.41e-08
1147 0.23286074049747923 1.02e-08
1148 0.28232280294564932 2.17e-08
1149 0.23286074049747477 1.36e-08
1150 0.25154706635127605 1.14e-08
1151 0.22468886452585016 8.81e-09
1152 0.25489927782784194 1.63e-08
1153 0.24060142822030875 2.01e-08
1154 0.23930359076068367 1.12e-08
1155 0.23916393266286889 1.35e-08
1156 0.2846336138372883 1.04e-08
1157 0.22468886452585302 2.2e-08
1158 0.25481365310652543 1.03e-08
1159 0.25073665121688421 1.03e-08
1160 0.27975421000271794 1.38e-08
1161 0.24461112572051108 8.7e-09
1162 0.23157073068264208 1.24e-08
1163 0.22468886452584841 6.8e-09
1164 0.19511596634729955 9.45e-09
1165 0.23857271243044306 8.81e-09
1166 0.25997706552392469 1.22e-08
1167 0.24097495126904964 9.12e-09
1168 0.195115966347299 1.2e-08
1169 0.24777115049690945 8.66e-09
1170 0.24374139514861504 9.03e-09
1171 0.2430559696457763 1.14e-08
1172 0.24461112572051202 9.88e-09
1173 0.27006336373047857 8.79e-09
1174 0.23522320402711058 1.68e-08
1175 0.25115360423254074 1.12e-08
1176 0.23116061462964285 2.04e-08
1177 0.13551968162235714 5.73e-09
1178 0.28450693597860283 1.17e-08
1179 0.23116061462964366 2.11e-08
1180 0.24374139514861667 1.11e-08
1181 0.23157073068264031 2.72e-08
1182 0.24740511678696941 1.72e-08
1183 0.2406014282203123 1.18e-08
1184 0.24097495126905458 1.17e-08
1185 0.25655256379502323 1.77e-08
1186 0.13551968162235725 8.71e-09
1187 0.19511596634729889 8.61e-09
1188 0.24210338110053226 9.33e-09
1189 0.24305596964577783 8.57e-09
1190 0.24549637321784532 1.22e-08
1191 0.24060142822030767 8.7e-09
1192 0.2246888645258516 1.16e-08
1193 0.21342943376152376 9.05e-09
1194 0.26393853345285606 9.41e-09
1195 0.26411888627078733 1.13e-08
1196 0.29342061535692487 1.83e-08
1197 0.24060142822030525 1.11e-08
1198 0.22468886452585107 9.83e-09
1199 0.26089322991006059 9.36e-09
1200 0.25578507312283749 1.21e-08
1201 0.21717802867044061 6.43e-09
1202 0.23522320402710922 1.5e-08
1203 0.24998720831774959 1.25e-08
1204 0.27558762628403416 2.05e-08
1205 0.22583586205660477 1.36e-08
1206 0.23157073068263678 6.88e-09
1207 0.28795204676766001 1.36e-08
1208 0.25178222632919156 1.15e-08
1209 0.24740511678696711 1.14e-08
1210 0.23116061462963997 8.65e-09
1211 0.25154706635127183 1.86e-08
1212 0.24633591171202859 1.01e-08
1213 0.27576676056195842 1.57e-08
1214 0.23673858781948209 8.51e-09
1215 0.26848534866786389 1.09e-08
1216 2.3825371193223393e-28 5.95e-15
1217 0.24097495126904897 1.09e-08
1218 0.2616818467641549 1.36e-08
1219 0.21342943376152373 9.52e-09
1220 0.26089322991006147 1.13e-08
1221 0.29632162900713732 1.56e-08
1222 0.26330919112104351 1.66e-08
1223 0.24305596964578091 1.19e-08
1224 0.25834703843377382 9.64e-09
1225 0.26298703169733018 1.34e-08
1226 0.28977484886131372 1.33e-08
1227 0.25481365310652682 1.92e-08
1228 0.18355309087176885 8.49e-09
1229 0.13551968162235795 1.02e-08
1230 0.25178222632919606 1.6e-08
1231 0.25107774856014115 2.18e-08
1232 0.23930359076068058 8.26e-09
1233 0.26149094869045642 1.47e-08
1234 0.19511596634730019 8.27e-09
1235 0.19511596634729916 7.79e-09
1236 0.24972677756931666 1.54e-08
1237 0.2653625496282041 9.59e-09
1238 0.26933445010786722 1.41e-08
1239 0.23857271243044531 1.19e-08
1240 0.23157073068264136 1.78e-08
1241 0.24549637321784359 9.68e-09
1242 0.21717802867044092 7.88e-09
1243 0.22991883230576637 9.31e-09
1244 0.25073665121689065 1.7e-08
1245 0.23930359076068455 1.17e-08
1246 0.24550684140804926 1.04e-08
1247 0.23116061462963819 7.31e-09
1248 0.24550684140804802 8.65e-09
1249 0.24495904989230116 1.33e-08
1250 0.21717802867044239 1.02e-08
1251 0.21717802867044136 1.01e-08
1252 0.24305596964577822 8.92e-09
1253 0.21717802867044134 9.52e-09
1254 0.29588516707344603 1.79e-08
1255 0.23157073068263778 8.02e-09
1256 0.19511596634730138 1.36e-08
1257 0.27410729140211842 1.4e-08
1258 0.26450559544247265 1.09e-08
1259 0.26411888627078839 1.2e-08
1260 0.24777115049691073 1.56e-08
1261 0.25481365310653348 1.36e-08
1262 0.2517822263291925 1.38e-08
1263 0.25997706552392175 8.01e-09
1264 0.23286074049747635 1.08e-08
1265 0.31133683183719962 1.96e-08
1266 0.24080360677539375 9.29e-09
1267 0.25633191958490759 1.08e-08
1268 0.24461112572051674 1.54e-08
1269 0.26554567764020237 1.97e-08
1270 0.29371736748421112 1.22e-08
1271 0.23116061462963952 1.44e-08
1272 0.2507366512168841 9.76e-09
1273 0.21717802867044078 6.64e-09
1274 0.25285716822234816 1.22e-08
1275 0.29355220962665224 1.45e-08
1276 0.26667887901118864 1.54e-08
1277 0.25115360423253863 9.47e-09
1278 0.25963415442089982 1.04e-08
1279 0.24305596964577761 8.14e-09
1280 0.26933445010785106 9.86e-09
1281 0.25663639018060747 1.56e-08
1282 0.24305596964577991 1.47e-08
1283 0.27568525662829146 1.97e-08
1284 0.26801416135820866 1.64e-08
1285 0.25578507312284271 1.92e-08
1286 0.25633191958490925 9.91e-09
1287 0.239303590760685 1.08e-08
1288 0.26149094869045059 1.05e-08
1289 0.22653959064127427 1.08e-08
1290 0.24108938226671461 1.55e-08
1291 0.2454963732178434 8.49e-09
1292 0.26715637430425443 8.62e-09
1293 0.11535724469103065 4e-09
1294 0.22468886452584944 8.64e-09
1295 0.29119033989720255 1.41e-08
1296 0.31118545744411424 1.44e-08
1297 0.24060142822030875 1.4e-08
1298 0.23116061462964205 9.71e-09
1299 0.24633591171203731 1.34e-08
1300 0.25576053234545243 1.09e-08
1301 0.23157073068263881 1.03e-08
1302 0.22321045199696332 1.25e-08
1303 0.24210338110053378 9.8e-09
1304 0.23286074049747607 9.22e-09
1305 0.23116061462963883 1.47e-08
1306 0.25995924231623024 9.84e-09
1307 0.2410893822667135 1.02e-08
1308 0.25804751013643779 1.74e-08
1309 0.27779386104508452 1.43e-08
1310 0.24210338110053309 9.19e-09
1311 0.25285716822234966 1.04e-08
1312 0.26089322991005842 6.87e-09
1313 0.22991883230576549 8.09e-09
1314 0.25294246244940632 1.24e-08
1315 0.13551968162235786 8.13e-09
1316 0.2908278700182127 1.54e-08
1317 0.28006526357706379 1.38e-08
1318 0.23157073068263831 9.9e-09
1319 0.24619760285961972 1.13e-08
1320 0.24740511678696656 9.81e-09
1321 0.24740511678696597 8.69e-09
1322 0.28535886173080627 1.17e-08
1323 0.23770293387367872 1.35e-08
1324 0.23157073068263695 8.66e-09
1325 0.24097495126905324 1.15e-08
1326 0.23116061462963933 1.2e-08
1327 0.18355309087176899 9.02e-09
1328 0.27207055019910559 1.45e-08
1329 0.22468886452584835 7.11e-09
1330 0.25963415442089904 9.88e-09
1331 0.25321163286955989 1.27e-08
1332 0.29720466983723143 1.31e-08
1333 0.24550684140806212 1.38e-08
1334 0.23157073068263992 1.05e-08
1335 0.26533334999894381 1.5e-08
1336 0.24746084506006352 1.63e-08
1337 0.28576156845516421 1.47e-08
1338 0.25427856602050158 1.44e-08
1339 0.19511596634729955 1.1e-08
1340 0.19511596634730291 2.19e-08
1341 0.22891307315675341 9.6e-09
1342 0.13551968162235717 4.46e-09
1343 0.25969684389440345 1.67e-08
1344 0.2716009052561163 1.24e-08
1345 0.24490521303575905 1.05e-08
1346 0.26473192510548954 9.03e-09
1347 0.23157073068263764 7.63e-09
1348 0.24972677756931633 9.73e-09
1349 0.24495904989229894 8.93e-09
1350 0.26454721936269043 1.58e-08
1351 0.13551968162235692 2.79e-09
1352 0.18355309087176752 5.86e-09
1353 0.19066071691863246 9.07e-09
1354 0.27207055019911114 1.34e-08
1355 0.13551968162235753 6.68e-09
1356 0.26714012811237992 1.42e-08
1357 0.13551968162235739 5.74e-09
1358 0.25120548802006842 9.44e-09
1359 0.27925524568673105 1.32e-08
1360 0.25107774856013459 8.8e-09
1361 0.25107774856013448 8.72e-09
1362 0.28429609300358138 1.06e-08
1363 0.24549637321784373 9.66e-09
1364 0.26375485076731792 1.82e-08
1365 0.24746084506006227 2.16e-08
1366 0.21717802867044186 1.39e-08
1367 0.22468886452585052 1.07e-08
1368 0.23116061462964502 1.24e-08
1369 0.20953111541155101 8.01e-09
1370 0.2528571682223506 1.08e-08
1371 0.18355309087176921 9.81e-09
1372 0.243958185944784 1.02e-08
1373 0.24305596964578011 1.1e-08
1374 0.26298703169732351 1.37e-08
1375 0.28680747860126943 1.65e-08
1376 0.2815109222571901 1.31e-08
1377 0.258006455398198 1.08e-08
1378 0.27440048942569883 1.3e-08
1379 0.25540284417216824 8.9e-09
1380 0.25151819677590925 8.76e-09
1381 0.19511596634729936 1.27e-08
1382 0.23116061462963866 1.03e-08
1383 0.275587626284028 1.36e-08
1384 0.22468886452584988 1.63e-08
1385 0.28085542388712897 1.23e-08
1386 0.27236566130217493 1.46e-08
1387 0.23116061462963955 9.47e-09
1388 0.21717802867044148 1.23e-08
1389 0.26714012811237181 1.63e-08
1390 0.25120548802007198 1.25e-08
1391 0.24097495126904944 1.27e-08
1392 0.2409749512690525 1.18e-08
1393 0.22468886452585277 1.29e-08
1394 0.2671563743042592 1.11e-08
1395 0.24060142822030828 9.13e-09
1396 0.24633591171203451 1.86e-08
1397 0.28429609300358388 1.36e-08
1398 0.243958185944811 1.37e-08
1399 0.24060142822030528 7.83e-09
1400 0.2017259488690919 8.98e-09
1401 0.25578507312283449 9.99e-09
1402 0.25658977117659787 1.75e-08
1403 0.28091940284452194 1.07e-08
1404 0.23116061462964127 9.24e-09
1405 0.22468886452584944 9.61e-09
1406 0.2529424624494015 1.45e-08
1407 0.19511596634730144 9.9e-09
1408 0.13551968162235753 6.8e-09
1409 0.24374139514861512 1.36e-08
1410 0.21717802867044092 1.61e-08
1411 0.23157073068263989 1.56e-08
1412 0.24060142822031499 1.35e-08
1413 0.26575977252703398 1.4e-08
1414 0.24633591171203886 1.97e-08
1415 0.2512054880200677 8.22e-09
1416 0.24097495126905058 1.01e-08
1417 0.26715637430426931 1.9e-08
1418 0.24395818594479649 2.07e-08
1419 0.23157073068263853 2.27e-08
1420 0.25633191958490814 9.39e-09
1421 0.25969684389440634 1.17e-08
1422 0.24619760285962189 1.93e-08
1423 0.24461112572051047 7.64e-09
1424 0.25073665121688909 1.14e-08
1425 0.20172594886909131 9.22e-09
1426 0.24550684140804738 8.08e-09
1427 0.28179779151131062 1.25e-08
1428 0.25393550694487643 1.75e-08
1429 0.24374139514861551 9.53e-09
1430 0.11535724469103098 6.32e-09
1431 0.25800645539820932 1.92e-08
1432 0.28097866370989333 1.38e-08
1433 0.27690538768609974 1.21e-08
1434 0.26089322991006353 1.59e-08
1435 0.26089322991006192 2e-08
1436 0.2552648481545296 9.47e-09
1437 0.25393550694487649 1e-08
1438 0.22468886452585049 1.17e-08
1439 0.25903892963067893 1.16e-08
1440 0.19511596634729889 6.65e-09
1441 0.25782456206527865 1.57e-08
1442 0.11535724469103086 9.72e-09
1443 0.2328607404974781 1.04e-08
1444 0.22468886452584977 8.86e-09
1445 0.28978807769045056 1.56e-08
1446 0.18355309087176966 1.37e-08
1447 0.2565525637950215 1.37e-08
1448 0.23857271243044284 7.37e-09
1449 0.19511596634729916 7.87e-09
1450 0.24080360677539411 1.58e-08
1451 0.25120548802006937 1.55e-08
1452 2.4624169896957443e-28 8.24e-15
1453 0.23916393266285238 1.16e-08
1454 0.24305596964577914 1.09e-08
1455 0.21717802867044111 1.07e-08
1456 0.18355309087176921 1.48e-08
1457 0.19511596634729891 8.25e-09
1458 0.28262369485791627 1.06e-08
1459 0.21717802867044186 1.18e-08
1460 0.25991565004154055 1.83e-08
1461 0.25321163286955523 1.08e-08
1462 0.11535724469103069 6.11e-09
1463 0.11535724469103076 5.54e-09
1464 0.20953111541155106 7.7e-09
1465 0.25122696117196669 1.22e-08
1466 0.27945527352797667 1.69e-08
1467 0.25726452137316358 1.03e-08
1468 0.25156416203752258 1.41e-08
1469 0.18355309087176852 7.99e-09
1470 0.23522320402711192 1.09e-08
1471 0.22468886452584974 8.92e-09
1472 0.26473192510549404 1.44e-08
1473 0.25726452137316425 1.59e-08
1474 0.22468886452585238 1.08e-08
1475 0.23857271243044362 8.88e-09
1476 0.12361044274791348 1.17e-08
1477 0.23916393266285632 1.01e-08
1478 0.25481365310652698 1.11e-08
1479 0.2827403106914928 1.1e-08
1480 0.25294246244941143 1.36e-08
1481 0.24633591171204744 2e-08
1482 0.27406656800701779 1.33e-08
1483 0.23157073068263889 9.25e-09
1484 0.23157073068263972 1.04e-08
1485 0.26568576275092531 1.37e-08
1486 0.273205301443601 1.45e-08
1487 0.25655256379502706 1.34e-08
1488 0.23916393266286987 1.31e-08
1489 0.24080360677539728 1.18e-08
1490 0.24619760285961773 1.16e-08
1491 0.29801882003535196 1.47e-08
1492 0.26890446124203188 2.25e-08
1493 0.25633191958491203 1.99e-08
1494 0.27012315369588435 1.83e-08
1495 0.24374139514861398 6.41e-09
1496 0.26450559544247382 1.09e-08
1497 0.29119033989719917 1.14e-08
1498 0.11535724469103066 1.17e-08
1499 0.25105794215991084 1.74e-08
1500 0.18355309087176916 9.08e-09
1501 0.24461112572051141 9.93e-09
1502 0.25154706635127672 1.37e-08
1503 0.27160090525611336 1.33e-08
1504 0.27885546812284501 1.14e-08
1505 0.24080360677539603 1.04e-08
1506 0.18355309087176958 1.07e-08
1507 0.23857271243044234 6.51e-09
1508 0.25233756205125374 1.02e-08
1509 0.26960397962741056 1.96e-08
1510 0.28933146552877731 2.01e-08
1511 0.23522320402710892 8.87e-09
1512 0.23522320402711189 1.35e-08
1513 0.24740511678696911 1.64e-08
1514 0.23157073068263975 1.3e-08
1515 0.27406656800703316 1.77e-08
1516 0.21342943376152243 7.66e-09
1517 0.24550684140804807 1.57e-08
1518 0.25489927782785021 1.57e-08
1519 0.22468886452584941 8.35e-09
1520 0.30189616763744137 1.33e-08
1521 0.25393550694487715 1.34e-08
1522 0.22891307315675291 2.15e-08
1523 0.27139544617889255 1.09e-08
1524 0.25969684389440595 1.18e-08
1525 0.24633591171202174 1.06e-08
1526 0.24305596964577891 9.65e-09
1527 0.2583470384337776 1.15e-08
1528 0.25336494530314435 1.54e-08
1529 0.27476140444084013 1.17e-08
1530 0.25526484815453521 1.12e-08
1531 0.22321045199697276 1.65e-08
1532 0.25578507312283488 1.2e-08
1533 0.24740511678696667 1.63e-08
1534 0.2463359117120483 1.2e-08
1535 0.13551968162235742 6.03e-09
1536 0.24550684140805104 1.19e-08
1537 0.23857271243044148 1.71e-08
1538 0.23286074049748012 1.11e-08
1539 0.20953111541155089 1.19e-08
1540 0.24550684140805079 1.04e-08
1541 0.22991883230576698 2.22e-08
1542 0.22468886452584932 8.38e-09
1543 0.2408036067753995 1.23e-08
1544 0.22468886452584871 7.19e-09
1545 0.239303590760686 1.98e-08
1546 0.24080360677539539 1.04e-08
1547 0.236738587819495 1.6e-08
1548 0.26298703169732807 1.5e-08
1549 0.23857271243044387 9.42e-09
1550 0.24619760285961698 8.32e-09
1551 0.25120548802006826 2.3e-08
1552 0.19511596634729875 5.32e-09
1553 0.19511596634729916 7.7e-09
1554 0.24305596964577955 1.47e-08
1555 0.24740511678696966 1.69e-08
1556 0.25578507312283566 9.81e-09
1557 0.25120548802007076 1.05e-08
1558 0.2510579421599099 1.12e-08
1559 0.27160090525611413 1.31e-08
1560 0.25540284417217485 1.77e-08
1561 0.2805357463966891 1.22e-08
1562 0.24746084506006324 9.94e-09
1563 0.24060142822030636 7.85e-09
1564 0.25905296732563765 1.47e-08
1565 0.19511596634729914 7.13e-09
1566 0.23157073068263739 8.33e-09
1567 0.2728969327574447 1.26e-08
1568 0.24305596964577805 9.28e-09
1569 0.27612858170785626 2.28e-08
1570 0.23116061462963849 7.58e-09
1571 0.25731458110427907 1.38e-08
1572 0.23157073068263967 1.01e-08
1573 0.24080360677539578 9.25e-09
1574 0.22468886452584913 1.62e-08
1575 0.26520921633910266 1.26e-08
1576 0.24777115049690884 7.21e-09
1577 0.23116061462964221 1.2e-08
1578 0.24550684140804718 9.18e-09
1579 0.25156416203752147 1.4e-08
1580 0.26848534866786983 1.93e-08
1581 0.26715637430425759 1.01e-08
1582 0.2258358620566053 8.76e-09
1583 0.26335439899484298 1.21e-08
1584 0.24633591171204777 1.52e-08
1585 0.28063195584598677 1.33e-08
1586 0.25834703843377582 1.17e-08
1587 0.24395818594479174 1.13e-08
1588 0.28006526357705763 1.01e-08
1589 0.22468886452585474 1.65e-08
1590 0.19511596634730022 7.85e-09
1591 0.23857271243044431 1.2e-08
1592 0.27370189732754197 1.16e-08
1593 0.25578507312283499 1.67e-08
1594 0.24633591171205835 2.2e-08
1595 0.2455068414080499 1.05e-08
1596 0.25526484815454159 1.13e-08
1597 0.25833807273053044 1.66e-08
1598 0.26298703169732807 1.41e-08
1599 0.18355309087176783 6.75e-09
1600 0.2437413951486159 1.01e-08
1601 0.2409749512690515 1.09e-08
1602 0.28930497177670494 1.15e-08
1603 0.13551968162235742 6.18e-09
1604 0.24305596964577836 1.59e-08
1605 0.23673858781949253 1.46e-08
1606 0.21717802867044073 7.15e-09
1607 0.25294246244940771 1.63e-08
1608 0.2367385878194925 1.44e-08
1609 0.27031838396073143 1.28e-08
1610 0.26848534866786511 1.44e-08
1611 0.24746084506006155 1.07e-08
1612 0.24080360677539739 1.03e-08
1613 0.21342943376152312 8.25e-09
1614 0.26335439899484853 1.4e-08
1615 0.13551968162235783 7.78e-09
1616 0.25120548802006842 1e-08
1617 0.22321045199696687 1.93e-08
1618 0.2720705501991072 2.38e-08
1619 0.27874700216763892 1.06e-08
1620 0.27719807431725829 1.23e-08
1621 0.27141466422166072 1.22e-08
1622 0.21342943376152357 9.53e-09
1623 0.25120548802006948 1.62e-08
1624 0.19511596634729869 6.22e-09
1625 0.22468886452585141 9.88e-09
1626 0.26365194088892124 1.02e-08
1627 0.25336494530314707 1.24e-08
1628 0.29451057231236555 1.21e-08
1629 0.23522320402711061 1.97e-08
1630 0.25156416203751991 1.27e-08
1631 0.23286074049748612 1.69e-08
1632 0.21342943376152251 6.95e-09
1633 0.23116061462964027 9e-09
1634 0.23116061462963911 8.81e-09
1635 0.24060142822030609 8.66e-09
1636 0.27778577392063653 1.28e-08
1637 0.27177282363866145 1.88e-08
1638 0.19511596634729958 8.18e-09
1639 0.13551968162235828 1.02e-08
1640 0.27975520377766749 1.35e-08
1641 0.25578507312284349 1.68e-08
1642 0.235223204027109 1.03e-08
1643 0.24550684140805423 1.06e-08
1644 0.24080360677539228 9.49e-09
1645 0.24633591171206282 1.49e-08
1646 0.26703858782527362 1.3e-08
1647 0.28930497177670744 1.23e-08
1648 0.19511596634730008 1.22e-08
1649 0.11535724469103091 6.12e-09
1650 0.28223842521152265 1.06e-08
1651 0.26094007319823947 1.48e-08
1652 0.21342943376152201 7.38e-09
1653 0.27406656800701457 1.81e-08
1654 0.24740511678696595 1.26e-08
1655 0.26450616791141074 1.23e-08
1656 0.26138152970340828 1.94e-08
1657 0.2409749512690538 1.2e-08
1658 0.24395818594479737 1.69e-08
1659 0.11535724469103072 1.1e-08
1660 0.26533334999895586 1.45e-08
1661 0.26330919112105033 1.54e-08
1662 0.25963415442089927 1.08e-08
1663 0.26330919112103912 1.02e-08
1664 0.22468886452584957 9.88e-09
1665 0.23916393266285216 1.23e-08
1666 0.23522320402711133 1.38e-08
1667 0.26960397962740323 1.02e-08
1668 0.24080360677539608 1.66e-08
1669 0.26298703169732152 1.56e-08
1670 0.25154706635127921 1.14e-08
1671 0.25834703843378309 1.51e-08
1672 0.24395818594479524 1.41e-08
1673 0.18355309087176727 5.73e-09
1674 0.25105794215991301 1.21e-08
1675 0.24060142822030525 7.65e-09
1676 0.28403073463452316 1.87e-08
1677 0.13551968162235745 1.43e-08
1678 0.26479997423972634 9.62e-09
1679 0.23930359076068342 1.18e-08
1680 0.31133683183720101 1.29e-08
1681 0.23673858781949481 1.58e-08
1682 0.23286074049748343 1.79e-08
1683 0.28245034573979916 1.15e-08
1684 0.24740511678696919 1.27e-08
1685 3.5145679257540463e-28 9.96e-15
1686 0.21717802867044114 7.52e-09
1687 0.18355309087176913 1.05e-08
1688 0.240803606775397 1.15e-08
1689 0.24633591171203209 1.12e-08
1690 0.27170423701297863 2.53e-08
1691 0.25178222632919017 1.2e-08
1692 0.11535724469103054 2.69e-09
1693 0.25963415442090032 9.59e-09
1694 0.25295801417697911 1.37e-08
1695 0.27763938990295178 1.09e-08
1696 0.24060142822030817 1.48e-08
1697 0.2315707306826415 2e-08
1698 0.25120548802007553 1.72e-08
1699 0.25156416203752208 8.97e-09
1700 0.25120548802006765 1.48e-08
1701 0.25233756205125246 8.44e-09
1702 0.26375485076730804 1.89e-08
1703 0.2720305251932213 1.09e-08
1704 0.11535724469103076 4.79e-09
1705 0.27874700216764198 1.01e-08
1706 0.2568048624762298 1.16e-08
1707 0.24305596964577991 1.09e-08
1708 0.25285716822235227 1.81e-08
1709 0.26004509870279557 1.08e-08
1710 0.23157073068263923 8.5e-09
1711 0.19511596634729944 7.86e-09
1712 0.25655256379502345 9.99e-09
1713 0.22991883230576524 1.76e-08
1714 0.25903892963067865 1.14e-08
1715 0.24633591171203725 1.63e-08
1716 0.26647589084604795 1.52e-08
1717 0.28427773600820505 1.39e-08
1718 0.24060142822031166 1.38e-08
1719 0.23157073068263978 1.55e-08
1720 0.28005361357058955 1.09e-08
1721 0.18355309087176885 1.08e-08
1722 0.19066071691863309 9.13e-09
1723 0.22321045199696854 1.18e-08
1724 0.26534048620460032 9.32e-09
1725 0.23157073068263789 1.42e-08
1726 0.26004509870279402 8.89e-09
1727 0.21717802867044186 1.12e-08
1728 0.19511596634730158 1.25e-08
1729 0.18355309087176894 8.85e-09
1730 0.20953111541155206 9.1e-09
1731 0.21717802867044439 1.39e-08
1732 0.28356258090069814 1.55e-08
1733 0.22891307315675216 1.27e-08
1734 0.25834703843377621 1.3e-08
1735 0.22468886452585143 9.91e-09
1736 0.23157073068263934 9.19e-09
1737 0.27310041710593758 1.6e-08
1738 0.25633191958490842 1.55e-08
1739 0.25782456206527993 1.58e-08
1740 0.2171780286704415 8.22e-09
1741 0.28429609300358094 1.04e-08
1742 0.27576676056195054 2.56e-08
1743 0.30177439545553925 1.27e-08
1744 0.27966607747441624 1.16e-08
1745 0.22468886452585071 9.96e-09
1746 0.27989991452219642 1.48e-08
1747 0.27806852061375203 1.14e-08
1748 0.28262369485791661 1.47e-08
1749 0.21342943376152379 9.75e-09
1750 0.20953111541155228 9.61e-09
1751 0.240803606775394 9.31e-09
1752 0.27759253708069348 1.09e-08
1753 0.25151819677590959 9.06e-09
1754 0.24461112572051399 1.24e-08
1755 0.19511596634730013 1.33e-08
1756 0.22468886452585018 8.94e-09
1757 0.23157073068263659 7.24e-09
1758 0.27737273660618994 1.48e-08
1759 0.23857271243044367 9.97e-09
1760 0.22468886452584916 1.01e-08
1761 0.23522320402710872 9.42e-09
1762 0.2439581859447971 2.17e-08
1763 0.24080360677539817 1.32e-08
1764 0.2671401281123722 1.56e-08
1765 0.26375485076730304 1.52e-08
1766 0.27662460846275877 1.57e-08
1767 0.23916393266284799 1.15e-08
1768 0.27576626139612126 1.42e-08
1769 0.13551968162235734 5.89e-09
1770 0.23116061462964052 1.56e-08
1771 0.25489927782783606 8.78e-09
1772 0.25787855760574752 1.02e-08
1773 0.24097495126905111 1.15e-08
1774 0.24080360677539975 1.2e-08
1775 4.1732436704542585e-28 7.6e-15
1776 0.23286074049748515 1.88e-08
1777 0.2455068414080519 1.13e-08
1778 0.24633591171204022 1.52e-08
1779 0.13551968162235731 8.02e-09
1780 0.28895260566875669 1.19e-08
1781 0.25295801417698011 1.18e-08
1782 0.25073665121688904 1.11e-08
1783 0.25504926380019666 1.74e-08
1784 0.24374139514861667 9.78e-09
1785 0.25336494530317022 1.46e-08
1786 0.24746084506006233 9.54e-09
1787 0.1835530908717693 9.51e-09
1788 0.24080360677539334 1.29e-08
1789 0.23522320402710981 1.1e-08
1790 0.26610704789333828 1.32e-08
1791 0.23157073068263903 1.05e-08
1792 0.2655456776401976 1.34e-08
1793 0.26672830979917805 1.32e-08
1794 0.22468886452585032 8.84e-09
1795 0.24490521303577159 1.23e-08
1796 0.26822460242560403 1.61e-08
1797 0.23857271243044345 1.01e-08
1798 0.1153572446910307 4.18e-09
1799 0.27317463792717861 1.19e-08
1800 0.22468886452585143 1.04e-08
1801 0.2515470663512826 2.15e-08
1802 0.25655256379503216 1.79e-08
1803 0.3013554194293846 1.68e-08
1804 0.23673858781948737 1e-08
1805 0.26520921633909994 1.24e-08
1806 0.23673858781949342 1.16e-08
1807 0.26174653924205077 1.66e-08
1808 0.23157073068264028 1.09e-08
1809 0.2406014282203108 1.11e-08
1810 0.26986553061692231 1.12e-08
1811 0.26168184676419376 2.02e-08
1812 0.26174653924204755 1.19e-08
1813 0.24060142822031022 1.56e-08
1814 0.24060142822030772 1.13e-08
1815 0.25578507312283899 1.17e-08
1816 0.25578507312283871 1.55e-08
1817 0.1153572446910308 5.26e-09
1818 0.23116061462964091 1.87e-08
1819 0.24619760285962128 1.23e-08
1820 0.2528571682223526 1.37e-08
1821 0.25655256379502167 1.19e-08
1822 0.25233756205125718 1.06e-08
1823 0.2311606146296396 8.91e-09
1824 0.11535724469103061 3.12e-09
1825 0.24060142822030478 6.79e-09
1826 0.26149094869044964 1.56e-08
1827 0.2367385878194925 1.22e-08
1828 0.27476140444083663 1.04e-08
1829 0.25834703843378315 1.26e-08
1830 0.27759253708070158 1.23e-08
1831 0.25540284417217185 1.03e-08
1832 0.21717802867044117 7.61e-09
1833 0.18355309087176794 6.78e-09
1834 0.25963415442090032 1.58e-08
1835 0.24550684140804815 1.04e-08
1836 0.31826429620637114 1.29e-08
1837 0.13551968162235767 8.79e-09
1838 0.24740511678696619 8.89e-09
1839 0.19066071691863151 6.51e-09
1840 0.11535724469103058 4.51e-09
1841 0.13551968162235734 6.31e-09
1842 0.23286074049747874 1.08e-08
1843 0.23522320402711519 1.31e-08
1844 0.25285716822234877 9.53e-09
1845 0.24633591171202093 1.01e-08
1846 0.2566363901806088 8.98e-09
1847 0.23286074049748232 1.08e-08
1848 0.24395818594478036 1.15e-08
1849 0.23343846128825929 1.6e-08
1850 0.25834703843377754 1.5e-08
1851 0.13551968162235825 1.4e-08
1852 0.13551968162235786 9.06e-09
1853 0.24080360677539414 9.04e-09
1854 0.25633191958490792 9.01e-09
1855 0.23157073068263714 9.1e-09
1856 0.25578507312283805 1.22e-08
1857 0.2377029338736695 1.2e-08
1858 0.2728969327574447 1.35e-08
1859 0.2328607404974779 1.02e-08
1860 0.25120548802006654 7.95e-09
1861 0.21717802867044117 1.24e-08
1862 0.23522320402711064 1.2e-08
1863 0.26149094869044665 1.04e-08
1864 0.2563319195849072 1.13e-08
1865 0.25804751013644367 1.81e-08
1866 0.25655256379502001 9.56e-09
1867 0.26335439899484292 1.2e-08
1868 0.28302825609699744 3.2e-08
1869 0.24549637321784237 8.05e-09
1870 0.19511596634729883 6.67e-09
1871 0.19511596634730036 9.96e-09
1872 0.25576053234545643 1.79e-08
1873 0.2315707306826377 8.89e-09
1874 0.24619760285961645 6.76e-09
1875 0.11535724469103062 4.07e-09
1876 0.13551968162235728 9.58e-09
1877 0.28151092225718855 1.27e-08
1878 0.28356258090069614 2e-08
1879 0.27989991452219759 9.49e-09
1880 0.27607729746254089 1.11e-08
1881 0.2430559696457763 6.15e-09
1882 0.25178222632919328 1.28e-08
1883 0.13551968162235781 8.35e-09
1884 0.23930359076068219 1.06e-08
1885 0.25866968082910491 1.42e-08
1886 0.27423253161169892 1.49e-08
1887 0.25120548802006998 1.22e-08
1888 0.30124593310680781 2.11e-08
1889 0.24998720831773857 1.76e-08
1890 0.24060142822030542 1.12e-08
1891 0.2461976028596192 9.93e-09
1892 0.25633191958490892 1.03e-08
1893 0.26168184676414497 1.39e-08
1894 0.24305596964577894 9.73e-09
1895 0.25481365310652637 1.67e-08
1896 0.25427856602049581 1.08e-08
1897 0.24619760285962 1.53e-08
1898 0.24633591171204119 1.26e-08
1899 0.24549637321784173 8.54e-09
1900 0.18355309087176741 5.83e-09
1901 0.11535724469103055 4.28e-09
1902 0.23286074049748381 1.42e-08
1903 0.26672830979917661 9.57e-09
1904 0.24374139514861962 1.27e-08
1905 0.26174653924205032 1.42e-08
1906 0.21717802867044231 1e-08
1907 0.25481365310652782 1.04e-08
1908 0.25151819677590909 7.95e-09
1909 0.25197786462590893 1.57e-08
1910 0.27885546812284712 1.42e-08
1911 0.25578507312283605 1.15e-08
1912 0.26238349473291106 1.48e-08
1913 0.22991883230576746 1.79e-08
1914 0.25726452137316219 1.01e-08
1915 0.24080360677539486 1.4e-08
1916 0.24461112572051269 1.14e-08
1917 0.23673858781948226 8.65e-09
1918 0.24060142822030989 1.03e-08
1919 0.13551968162235756 8.95e-09
1920 0.13551968162235722 7.11e-09
1921 0.22991883230576943 1.16e-08
1922 0.25107774856013793 1.52e-08
1923 0.2578245620652761 1e-08
1924 0.27329727944142135 1.24e-08
1925 0.23157073068263972 1.04e-08
1926 0.23157073068263717 1.35e-08
1927 0.22321045199696357 8.75e-09
1928 0.26168184676414352 1.73e-08
1929 0.25663639018060647 9.78e-09
1930 0.22653959064128396 1.27e-08
1931 0.23157073068263898 9.56e-09
1932 0.25578507312283472 8.45e-09
1933 0.24619760285961884 2.19e-08
1934 0.18355309087176852 8.76e-09
1935 0.27170423701290403 2.31e-08
1936 0.24305596964577705 7.01e-09
1937 0.24080360677539575 1.45e-08
1938 0.25633191958490736 9.18e-09
1939 0.18355309087176752 6.9e-09
1940 0.24619760285961995 1.46e-08
1941 0.22468886452585177 1.05e-08
1942 0.28534855694646177 1.42e-08
1943 0.24746084506006097 8.66e-09
1944 0.28143128042527427 9.3e-09
1945 0.23857271243044295 7.67e-09
1946 0.21717802867044034 4.72e-09
1947 0.27914829692852883 1.31e-08
1948 0.13551968162235742 8.07e-09
1949 0.24305596964577764 9.75e-09
1950 0.2954828198697097 1.18e-08
1951 0.24395818594479241 1.15e-08
1952 0.27308341858537449 1.33e-08
1953 0.26004509870279241 1.01e-08
1954 0.25633191958490853 9.49e-09
1955 0.25294246244940755 1.4e-08
1956 0.24210338110053484 9.63e-09
1957 0.23157073068264394 1.41e-08
1958 0.25122696117196913 1.28e-08
1959 0.25969684389440284 9.64e-09
1960 0.23522320402710978 1.08e-08
1961 0.13551968162235767 7.47e-09
1962 0.23286074049747874 1.3e-08
1963 0.24080360677539303 8.24e-09
1964 0.22891307315675311 1.25e-08
1965 0.24461112572051083 9.12e-09
1966 0.25122696117196663 9.93e-09
1967 0.25676221767674628 1.35e-08
1968 0.23930359076068167 8.67e-09
1969 0.24619760285961764 1.16e-08
1970 0.11535724469103084 8.11e-09
1971 0.22991883230576921 1.03e-08
1972 0.19511596634729919 5.91e-09
1973 0.26894102438116713 2.2e-08
1974 0.24395818594477695 1.25e-08
1975 0.28640380989225578 1.33e-08
1976 0.23673858781948104 1.32e-08
1977 0.23286074049747674 1.1e-08
1978 0.25633191958490936 1.05e-08
1979 0.24097495126905064 1.01e-08
1980 0.23157073068263684 1.35e-08
1981 0.22991883230576807 9.18e-09
1982 0.2821702961100469 1.23e-08
1983 0.1951159663472998 9.56e-09
1984 0.25336494530316167 1.27e-08
1985 0.26151306565262111 1.73e-08
1986 0.26873077132286843 1.32e-08
1987 0.24549637321784487 1.13e-08
1988 0.13551968162235717 4.33e-09
1989 0.24689814623228096 1.16e-08
1990 0.28429609300358327 1.2e-08
1991 0.18355309087176949 1.39e-08
1992 0.24550684140804732 9.33e-09
1993 0.25178222632919001 1.13e-08
1994 0.24060142822030389 7.03e-09
1995 0.20953111541155206 9.04e-09
1996 0.28795204676765945 1.39e-08
1997 0.24072786147124586 8.17e-09
1998 0.25073665121689148 1.19e-08
1999 0.25576053234544988 9.46e-09
# d=7 k=4 starts=2000 best 1.1161611436899562e-28
