0 0.051249218996283853 2.19e-09
1 0.046875000000000069 3.12e-09
2 8.0359658041150742e-28 9.84e-15
3 0.055128288425888579 2.78e-09
4 0.11176754955698194 1e-08
5 4.4250397513834457e-28 5.88e-15
6 4.3189133077279315e-28 9.15e-15
7 6.7301467832216406e-28 7.94e-15
8 5.7294721027169206e-28 9.54e-15
9 3.5438651720680649e-28 5.94e-15
10 2.4795115438821254e-28 5.87e-15
11 0.051249218996283825 1.94e-09
12 1.5984217054842976e-27 9.36e-15
13 2.3976587508736901e-27 9.84e-15
14 3.5810433237145161e-28 7.63e-15
15 0.05124921899628393 4.91e-09
16 1.1206778345955332e-26 9.65e-15
17 1.8054915301289912e-27 9.82e-15
18 2.3810919014920711e-27 9.14e-15
19 0.051249218996283867 3.74e-09
20 3.2373880881578353e-28 8.21e-15
21 4.3260592011563881e-26 9.71e-15
22 1.4758216274564727e-27 9.92e-15
23 2.6405192872328983e-28 6.48e-15
24 2.0873082366593089e-27 9.22e-15
25 2.923014691475618e-28 7.69e-15
26 1.8996433117622833e-27 9.96e-15
27 0.065592465681658899 3.33e-09
28 2.0035680323053741e-28 9.73e-15
29 0.05124921899628395 2.99e-09
30 3.8117312124532193e-28 7.76e-15
31 1.1191455647317787e-27 9.59e-15
32 2.6363823897123545e-27 9.06e-15
33 5.6330754571404507e-28 7.24e-15
34 2.1022919716266416e-27 8.95e-15
35 0.065592465681658912 4.57e-09
36 0.11176754955698263 8.34e-09
37 4.7328495788151913e-28 8.95e-15
38 7.6902382679382328e-29 3.89e-15
39 0.051249218996283881 2.18e-09
40 6.2297285539116163e-28 9.52e-15
41 1.5970350359243388e-28 6.37e-15
42 0.046875000000000069 3.62e-09
43 0.055128288425888648 3.07e-09
44 1.0228251859811065e-26 9.38e-15
45 0.051249218996283902 2.57e-09
46 5.4148598907215993e-28 8.95e-15
47 2.1557550165108535e-28 7.65e-15
48 5.9917529462633519e-28 7.48e-15
49 0.051249218996284193 7.44e-09
50 7.4353529953782484e-28 9.94e-15
51 7.0873759730263626e-28 9.44e-15
52 0.1117675495569817 5.17e-09
53 1.4228323613385801e-27 9.35e-15
54 5.1267731266643345e-27 9.58e-15
55 7.2250568528907174e-28 7.79e-15
56 1.9940693458196563e-28 9.67e-15
57 0.051249218996283943 3.37e-09
58 1.5884931514349925e-27 9.73e-15
59 3.464462932320868e-28 9.44e-15
60 3.2463398105393472e-28 7.93e-15
61 2.4891296380243952e-27 9.68e-15
62 3.4965412214745818e-27 7.69e-15
63 2.3877910562106277e-28 5.85e-15
64 0.065592465681659745 5.9e-09
65 4.3323871136188646e-28 9.74e-15
66 1.7381055524908151e-28 5.33e-15
67 8.4309509245495637e-29 4.19e-15
68 1.0776011912344456e-25 9.7e-15
69 9.2328591577346235e-26 9.73e-15
70 4.3995404389197587e-28 9.04e-15
71 3.0732834494564877e-28 8.33e-15
72 2.1723319577653811e-26 9.55e-15
73 7.8046238695672572e-27 9.43e-15
74 2.6550084433905123e-27 9.42e-15
75 2.1956140626398917e-28 9.15e-15
76 3.6234245676987239e-27 9.46e-15
77 5.9522867898429687e-28 9.83e-15
78 1.2215942525654911e-28 6.08e-15
79 2.5472865593690677e-27 9.89e-15
80 1.6407301493166075e-26 9.95e-15
81 3.8853787735265872e-28 6.73e-15
82 3.4495793457106434e-28 7e-15
83 6.3760761185257136e-28 9.99e-15
84 7.9675875873695498e-28 7.91e-15
85 0.051249218996284013 5.16e-09
86 3.4564125451533293e-28 8.93e-15
87 0.055128288425888648 3.41e-09
88 2.9076688816787406e-28 8.81e-15
89 5.7011724881140945e-27 8.72e-15
90 6.9016932152281005e-28 9.7e-15
91 0.05124921899628395 6.38e-09
92 1.2237497533592492e-27 9.88e-15
93 2.2623768093480641e-27 9.48e-15
94 4.7137289463273148e-28 7.09e-15
95 6.6760358555041368e-28 9.14e-15
96 0.055128288425888579 2.38e-09
97 7.132681549038128e-28 8.66e-15
98 0.13408002875403957 7.22e-09
99 1.1738219454809545e-27 9.38e-15
100 0.065592465681659481 6.3e-09
101 1.0886935308231055e-27 9.67e-15
102 0.051249218996283909 2.71e-09
103 0.051249218996283895 2.4e-09
104 1.9735543400520434e-28 7.46e-15
105 7.9729185614556137e-28 9.87e-15
106 2.9208915463049256e-27 8.89e-15
107 6.6960193046070988e-28 6.68e-15
108 7.1208255243004802e-28 9.81e-15
109 5.0754879233612357e-28 8.65e-15
110 4.9547244121283784e-28 9.53e-15
111 1.4468148113780677e-27 9.14e-15
112 7.8463472158824623e-27 9.87e-15
113 9.2881507575452344e-27 9.67e-15
114 1.1838197559710598e-26 9.63e-15
115 2.1718326796865981e-28 8.31e-15
116 5.3189793943702251e-28 8.75e-15
117 2.3742895169284954e-27 9.62e-15
118 0.055128288425888801 8.75e-09
119 2.8036763684016074e-28 6.41e-15
120 3.8592169411620309e-28 8.37e-15
121 0.051249218996283846 5.02e-09
122 5.9311940050920397e-28 9.57e-15
123 1.8316787847688133e-26 9.99e-15
124 2.0579925014178241e-27 9.15e-15
125 7.236882062749255e-28 9.41e-15
126 2.6086875171120661e-28 6.62e-15
127 9.5781118366243768e-28 9.63e-15
128 0.11176754955698211 6.44e-09
129 6.7441367383376695e-28 9.75e-15
130 2.9354793100756922e-28 7.63e-15
131 1.8562336211877728e-27 9.72e-15
132 1.6958105901681159e-27 9.56e-15
133 0.051249218996283895 3.36e-09
134 7.0341586768030545e-28 9.11e-15
135 4.3533042535588655e-27 9.7e-15
136 0.11176754955698293 1.46e-08
137 2.6053918657912306e-27 9.43e-15
138 2.9946592854068232e-28 5.78e-15
139 4.9103725566250737e-27 9.91e-15
140 5.2770133808820273e-27 9.06e-15
141 5.8498966502795657e-28 9.07e-15
142 1.7831438094262995e-27 9.9e-15
143 0.051249218996283999 5.93e-09
144 0.046875000000000021 3e-09
145 0.051249218996283964 3.18e-09
146 9.8867690732316528e-28 8.89e-15
147 9.0486505837529931e-28 9.45e-15
148 1.7509753867511883e-27 9.59e-15
149 4.6598260190438049e-28 8.62e-15
150 2.3186594156708589e-27 8.91e-15
151 1.7347639870001054e-26 9.32e-15
152 1.6246274490515859e-27 9.93e-15
153 1.6948129584569233e-27 9.14e-15
154 2.8858442435489444e-28 8.29e-15
155 3.9742642923199469e-28 8.48e-15
156 8.3629039677544739e-28 9.41e-15
157 0.051249218996283992 3.48e-09
158 0.046875000000000049 2.76e-09
159 2.5604714757683427e-27 7.52e-15
160 9.6465979054467869e-29 7.98e-15
161 3.7674887497707557e-28 8.63e-15
162 2.3418306640177707e-28 9.74e-15
163 0.051249218996283916 3.14e-09
164 0.065592465681659259 6.53e-09
165 6.9824204947770358e-29 5.3e-15
166 1.2987470061376437e-28 5.12e-15
167 5.163202476748408e-28 9.48e-15
168 4.1299318171209229e-27 9.33e-15
169 0.055128288425888752 5.88e-09
170 0.1117675495569825 7.51e-09
171 8.5728534428520152e-29 4.15e-15
172 4.7652052018808969e-28 8.06e-15
173 2.428058399487876e-28 5.85e-15
174 1.6392629758849733e-27 8.37e-15
175 4.2342956496913339e-28 9.34e-15
176 1.4551879844042856e-27 9.4e-15
177 2.8950964110017807e-28 8.2e-15
178 2.0874661629147486e-27 9.76e-15
179 2.3009054230715197e-27 9.9e-15
180 2.8619889048857863e-27 8.77e-15
181 1.1923647989855149e-27 6.75e-15
182 1.7358098439971055e-28 9.58e-15
183 2.0537269517769953e-28 5.72e-15
184 3.4138726045417041e-28 9.74e-15
185 0.055128288425888634 4.14e-09
186 1.3076871729394893e-27 9.77e-15
187 1.4779694245304534e-27 9.57e-15
188 1.1400411342564024e-27 9.73e-15
189 3.0079404983033176e-28 9.99e-15
190 3.9056318528217633e-28 9.36e-15
191 2.191954795745556e-28 9.68e-15
192 5.0652573834966507e-28 9.01e-15
193 0.055128288425888641 4.47e-09
194 0.051249218996283923 4.25e-09
195 9.8095392824617246e-28 8.13e-15
196 0.15504206575569965 8.51e-09
197 0.0551282884258886 2.29e-09
198 7.511311672384881e-28 7.31e-15
199 0.065592465681659162 6.47e-09
# d=6 k=3 starts=200 best 6.9824204947770358e-29
