0 9.3822062426813072e-29 1.06e-14
1 7.5295386733785618e-29 1.09e-14
2 1.8804471828205869e-28 9.66e-15
3 8.0301263845236921e-29 7.03e-15
4 1.7724949575777935e-28 9.61e-15
5 8.7286226567540548e-29 1.28e-14
6 5.7166222981279689e-29 5.42e-15
7 2.0322181661580786e-28 9.35e-15
8 5.11473067190807e-29 7.49e-15
9 1.1822667631011037e-28 8.31e-15
10 7.5522646467223312e-29 9.34e-15
11 1.652779152234683e-28 9.49e-15
12 1.285881794109137e-28 9.76e-15
13 9.3785854943858592e-29 1.22e-14
14 8.7793901700881024e-29 1.17e-14
15 7.7166620267752256e-29 8.79e-15
16 9.733958087724192e-29 9.1e-15
17 4.586332532365988e-29 4.54e-15
18 1.5026259500504765e-28 9.47e-15
19 1.2540192091091946e-28 8.72e-15
20 1.6069266121187117e-28 8.81e-15
21 4.1531523692744109e-29 7.92e-15
22 8.8800007503828916e-29 8.37e-15
23 1.8046348764897277e-28 9.19e-15
24 2.1013051251231375e-28 9.81e-15
25 1.8697467160495714e-28 8.85e-15
26 4.4492833575233923e-29 5.81e-15
27 8.3503700156764017e-29 1e-14
28 1.5681383830387527e-28 9.91e-15
29 1.3330978926257345e-28 9.22e-15
30 3.6873084343260263e-29 5.25e-15
31 1.7335064317836183e-28 9.93e-15
32 1.0411269130566295e-28 9.33e-15
33 1.0297639263847448e-28 7.67e-15
34 4.779002564002487e-29 4.94e-15
35 9.9193095855720195e-29 1.25e-14
36 8.5522845110459595e-29 1.16e-14
37 3.5359303406971895e-29 5.17e-15
38 9.0675863269662084e-29 7.71e-15
39 8.7063589065969384e-29 1.17e-14
40 9.5034627919799276e-29 1.32e-14
41 4.4611470859808176e-29 7.24e-15
42 1.2630941910071472e-28 9.91e-15
43 6.3964755684966632e-29 9.36e-15
44 2.1467185532117886e-28 9.52e-15
45 8.6223113238238794e-29 7.27e-15
46 1.5306906012000873e-28 8.15e-15
47 1.873768057773452e-28 8.74e-15
48 1.159255752125565e-28 8.49e-15
49 5.7498253303692049e-29 6.8e-15
50 9.6048437442524717e-29 1.02e-14
51 1.1155294386681972e-28 7.71e-15
52 7.1666934718560066e-29 9.75e-15
53 1.4991592761505795e-28 8.16e-15
54 8.8475680901194105e-29 7.71e-15
55 7.943998797410695e-29 7.75e-15
56 1.7111964593078366e-28 8.82e-15
57 1.3849901490473041e-28 9.02e-15
58 1.8573283197681625e-28 8.9e-15
59 9.9680741317639043e-29 1.39e-14
60 1.3074445057664965e-28 8.2e-15
61 7.6844604781050711e-29 1.19e-14
62 1.046326923906475e-28 9.12e-15
63 1.1226784906217626e-28 7.14e-15
64 1.3205639405476623e-28 7.68e-15
65 1.1682768079850748e-28 8.5e-15
66 1.6041840878779042e-28 8.08e-15
67 1.7528812870241539e-28 8.5e-15
68 1.2387966588287578e-28 9.6e-15
69 1.1744243763675589e-28 8.21e-15
70 9.266958594809175e-29 7.49e-15
71 1.4820647219641984e-28 9.39e-15
72 1.4104124243132157e-28 8.56e-15
73 6.2533404550298038e-29 9.75e-15
74 9.2013999395022335e-29 1.29e-14
75 6.6274330874275805e-29 5.47e-15
76 9.6434393803379919e-29 1.21e-14
77 6.0162969974746228e-29 5.32e-15
78 8.093065775106267e-29 6.32e-15
79 7.4058939709489013e-29 5.68e-15
80 1.6407767568212617e-28 9.89e-15
81 5.8141513905117386e-29 8.32e-15
82 1.1338874028980963e-28 8.21e-15
83 4.0597062483727422e-29 4.35e-15
84 1.4821879814806392e-28 7.96e-15
85 1.10810305280264e-28 7.87e-15
86 6.3551836304890009e-29 5.43e-15
87 3.5249140214152945e-29 5.39e-15
88 1.1465908368112745e-28 7.95e-15
89 8.242903124779594e-29 1.19e-14
90 1.2892329122123708e-28 7.52e-15
91 1.5924590263764747e-28 8.7e-15
92 1.3823554768833824e-28 7.95e-15
93 7.6200573807647619e-29 1.19e-14
94 9.7486721924993104e-29 1.1e-14
95 1.7627574557789717e-28 8.66e-15
96 1.1921737467350316e-28 8.55e-15
97 1.8316055994309266e-28 9.97e-15
98 4.3952802818827742e-29 5.8e-15
99 1.0093952912929054e-28 7.66e-15
100 4.5763176966551743e-29 4.89e-15
101 9.4229589203045411e-29 1.42e-14
102 8.9551890554117693e-29 1.23e-14
103 9.7274869631110508e-29 6.72e-15
104 1.2060789609335075e-28 8.58e-15
105 7.5294616361807863e-29 6.98e-15
106 1.8896762391140905e-28 8.93e-15
107 8.7830879555813259e-29 9.65e-15
108 1.6770381658141846e-28 9.11e-15
109 1.3694363388164328e-28 8.11e-15
110 7.3699946367855232e-29 6.48e-15
111 8.1711044564528378e-29 8.83e-15
112 1.1836534326610625e-28 8.41e-15
113 1.2998640455053883e-28 9.77e-15
114 1.7873554330286855e-28 9.06e-15
115 6.8019223403890641e-29 5.71e-15
116 1.3182605283341752e-28 8.42e-15
117 9.8901895248128845e-29 1.33e-14
118 1.6595507219191485e-28 8.26e-15
119 4.1018455955559349e-29 5.84e-15
120 7.4536570335697047e-29 1.09e-14
121 1.5148209384583365e-28 9.5e-15
122 7.5645905983664095e-29 6.61e-15
123 3.0797930926685166e-29 4.68e-15
124 1.310117696529306e-28 8.33e-15
125 1.0836129276298119e-28 6.94e-15
126 9.6687846184061279e-29 1.25e-14
127 1.8020926489631366e-28 8.64e-15
128 9.5069294658798246e-29 7.51e-15
129 5.9174582727286699e-29 6.59e-15
130 1.1542791491492684e-28 9.65e-15
131 2.0736025488030715e-28 9.32e-15
132 5.2545531858705833e-29 4.89e-15
133 1.6587803499413936e-28 8.23e-15
134 1.4093493109839139e-28 9.43e-15
135 1.7077606002870498e-28 9.22e-15
136 5.29337993354943e-29 8.94e-15
137 1.1745168210048895e-28 7.11e-15
138 1.0568887237214946e-28 8.04e-15
139 8.3277981167281833e-29 6.17e-15
140 1.4358963293373476e-28 9.62e-15
141 5.1148077091058455e-29 4.76e-15
142 5.7804861350838497e-29 5.81e-15
143 1.1500189921122838e-28 7.64e-15
144 5.5396678548376697e-29 5.53e-15
145 6.0883267773947055e-29 6e-15
146 6.405103734647518e-29 1.06e-14
147 1.4275917194171498e-28 9.46e-15
148 1.1401813419563538e-28 8.3e-15
149 4.5357961306252669e-29 7.19e-15
150 7.9013201898430738e-29 1.1e-14
151 1.8073542895712025e-28 9e-15
152 1.1598951608671016e-28 7.09e-15
153 1.506238994626147e-28 7.92e-15
154 1.3594600217045069e-28 8.81e-15
155 6.8554631928430293e-29 9.15e-15
156 1.6623779870775089e-28 8.58e-15
157 4.9085791306608603e-29 8.69e-15
158 7.7349198426480166e-29 9.58e-15
159 7.0861896001806201e-29 1.17e-14
160 7.9695751470721574e-29 7.26e-15
161 1.0097188475235625e-28 6.86e-15
162 4.385804706556389e-29 4.51e-15
163 5.1805974760061135e-29 6.4e-15
164 1.0111055170835213e-28 7.73e-15
165 1.9867662194705399e-28 9.04e-15
166 1.9700876661521464e-28 9.67e-15
167 7.64809892075504e-29 5.71e-15
168 1.3254172840075182e-28 7.71e-15
169 6.8534602257008665e-29 5.57e-15
170 1.9664669178566984e-28 9.03e-15
171 1.4972487536457473e-28 8.83e-15
172 1.0815021084107635e-28 6.9e-15
173 1.5921277664260401e-28 8.2e-15
174 6.084783066297033e-29 6.2e-15
175 8.1389799449804587e-29 6e-15
176 3.9748112564241528e-29 7.91e-15
177 1.2107397113989246e-28 9.57e-15
178 5.8725455864255596e-29 6.03e-15
179 9.99257196065651e-29 6.71e-15
180 6.5194269361463443e-29 6.17e-15
181 7.3428775431685509e-29 7.6e-15
182 5.2273590550558356e-29 8.38e-15
183 6.7022362064675808e-29 8.76e-15
184 1.2174419476053922e-28 8.12e-15
185 1.9361373730924882e-28 9.97e-15
186 9.4894420219847885e-29 1.09e-14
187 1.6320638497528539e-28 9.56e-15
188 9.9349481367204439e-29 1.41e-14
189 6.6557827762089606e-29 9.19e-15
190 9.6378927020981566e-29 1.27e-14
191 4.7435654530257619e-29 5.77e-15
192 1.4415200447749583e-28 9.33e-15
193 8.3485981601275655e-29 1e-14
194 6.9129329423835444e-29 8.95e-15
195 6.8083934650022052e-29 7.95e-15
196 6.8878188159087348e-29 1.15e-14
197 1.573461653405039e-28 8.1e-15
198 4.7037372217758339e-29 8.08e-15
199 1.2154004618643417e-28 9.09e-15
# d=4 k=4 starts=200 best 3.0797930926685166e-29
