0 8.5606815656034879e-29 1.36e-14
1 3.7584908050705785e-29 7.16e-15
2 3.6444757523628541e-29 9.57e-15
3 8.4833362190368965e-29 1.47e-14
4 9.1852991651671562e-29 1.17e-14
5 1.2073269635374704e-29 5.83e-15
6 6.5789766900267977e-29 1.35e-14
7 2.9058431000914615e-29 6.63e-15
8 1.2892945419705912e-29 5.79e-15
9 6.0270822051631914e-29 1.19e-14
10 9.2053288365887835e-29 1.56e-14
11 9.2823660343642729e-29 1.56e-14
12 7.4741489281779849e-29 1.29e-14
13 2.4836792562817794e-29 7.27e-15
14 7.6929345698603749e-29 1.43e-14
15 4.1569271919654099e-29 1.02e-14
16 7.5776869219882427e-29 1.39e-14
17 4.1131700636289319e-29 8.92e-15
18 3.929821532923267e-29 8e-15
19 2.0183745817178232e-30 2.2e-15
20 6.8563106020185596e-30 3.34e-15
21 6.1940988499404525e-29 8.42e-15
22 9.0096543542390403e-29 1.44e-14
23 2.4010953802664547e-29 5.8e-15
24 5.0259067828729307e-30 2.46e-15
25 2.8811911968033048e-30 2.03e-15
26 8.77823461212147e-29 1.46e-14
27 2.2984818328295028e-29 7.02e-15
28 5.2770480476210262e-29 1.12e-14
29 6.6834391302103613e-29 9.97e-15
30 1.2664915314290463e-29 5.45e-15
31 7.9678032915233212e-29 1.49e-14
32 1.9875597026076274e-30 1.92e-15
33 2.3659664180808315e-29 6.03e-15
34 1.6572241985463287e-29 6.39e-15
35 6.3102709441858905e-29 9.81e-15
36 2.7733391199176196e-29 7.05e-15
37 3.0232477895013074e-29 7.25e-15
38 3.3803922383884764e-29 6.73e-15
39 5.2265116458803052e-29 1.17e-14
40 6.4517112393016891e-29 1.18e-14
41 7.4467236857699107e-29 1.08e-14
42 5.6459021505700696e-29 1.2e-14
43 5.0853794995556085e-29 8.12e-15
44 2.8996801242694223e-29 7.32e-15
45 9.6730987014815553e-29 1.16e-14
46 9.996346783347509e-30 5.09e-15
47 9.0672781781751064e-29 1.11e-14
48 6.6631013099976321e-29 1.33e-14
49 5.0363838417703972e-29 1.13e-14
50 1.0735903881992208e-29 3.85e-15
51 2.2639691682260835e-29 5.44e-15
52 9.0980930572853022e-29 1.53e-14
53 2.9422046574414925e-29 8.31e-15
54 6.095183087996724e-30 2.99e-15
55 8.4223227583987089e-29 1.43e-14
56 6.8273446156549756e-29 1.36e-14
57 6.0754615653661987e-29 1.31e-14
58 1.3034693863612812e-30 1.48e-15
59 7.589704724841219e-30 3.39e-15
60 5.4437565436071854e-29 1.04e-14
61 7.6383922338353284e-29 1.33e-14
62 5.4067786886749504e-29 1.15e-14
63 9.9578281844597643e-29 1.57e-14
64 3.4817731906610205e-29 6.79e-15
65 3.1612984479149844e-29 7.88e-15
66 2.1314651880522417e-29 5.24e-15
67 5.8637633458791538e-29 1.16e-14
68 4.2278014139188601e-30 2.73e-15
69 3.3354025148875905e-29 9.01e-15
70 1.0695844539148953e-29 5.01e-15
71 9.0823774689391023e-29 1.61e-14
72 5.6643910780361871e-29 8.2e-15
73 9.8700057789957063e-30 4.94e-15
74 1.0098035884411155e-29 4.96e-15
75 3.6022593679818859e-30 2.13e-15
76 2.2155898080230761e-29 6.2e-15
77 4.2915882136769654e-29 8.06e-15
78 4.7377876631926002e-29 1.13e-14
79 1.9813967267855882e-30 1.87e-15
80 1.370645822821508e-29 4.43e-15
81 4.5254731461233513e-29 1.07e-14
82 6.88311954684443e-29 1.23e-14
83 5.6332680501348894e-29 1.23e-14
84 9.4161026097025226e-29 1.58e-14
85 2.7523850021226865e-29 6.65e-15
86 3.4589701801194756e-29 9.16e-15
87 3.871889560196099e-29 9.15e-15
88 7.7564132208273782e-29 1.42e-14
89 1.8643001861668443e-29 6.31e-15
90 1.2011639877154313e-29 4.83e-15
91 1.8806320720952481e-29 5.08e-15
92 3.032800402025468e-29 8.7e-15
93 3.3843981726728018e-29 6.87e-15
94 2.1416340981586063e-30 1.48e-15
95 2.4331428545410583e-29 7.93e-15
96 4.7143683550688514e-29 1.18e-14
97 5.1374566452518394e-29 1.16e-14
98 9.6160911751276931e-29 1.65e-14
99 1.6948183510607676e-29 6.72e-15
100 3.0759412327797421e-29 6.65e-15
101 1.6861901849099127e-29 6.1e-15
102 2.1083540287195948e-29 6.83e-15
103 8.1785770646370603e-29 1.44e-14
104 4.141519752410312e-29 1.03e-14
105 5.5460619422530353e-29 9.46e-15
106 8.2247993833023539e-29 1.52e-14
107 3.7923871720917939e-29 9.91e-15
108 4.4234758962686033e-29 8.74e-15
109 9.7116173003693e-29 1.65e-14
110 9.5889740815107208e-29 1.37e-14
111 9.9122221633766745e-29 1.58e-14
112 2.1404015029941984e-29 5.28e-15
113 1.8565964663892954e-29 6.36e-15
114 6.6606361196688165e-29 1.31e-14
115 1.4880505122313539e-29 6.47e-15
116 6.3136605808880121e-29 8.65e-15
117 9.4466093400216164e-29 1.26e-14
118 7.6821493621718064e-30 3.43e-15
119 2.4457769549762386e-29 7.03e-15
120 9.2044043902154776e-30 3.62e-15
121 1.6254848730628271e-29 6.18e-15
122 5.4603965783266911e-30 3.58e-15
123 2.3810657088448274e-29 6.94e-15
124 5.1944641716057016e-29 9.39e-15
125 1.4205659269800252e-29 4.35e-15
126 6.5456966205877862e-29 9.45e-15
127 4.4284062769262346e-29 1.05e-14
128 7.5856987905568936e-29 1.4e-14
129 8.2494512865905106e-29 1.47e-14
130 5.7364978951540452e-29 8.45e-15
131 3.1415769252844591e-29 6.18e-15
132 7.8362237577227852e-30 3.63e-15
133 8.7631353213574741e-29 1.48e-14
134 3.9550897337936275e-29 1.03e-14
135 4.2777215180773773e-29 7.8e-15
136 1.5281098550746084e-29 6.09e-15
137 6.0011977067106269e-29 9e-15
138 1.9986530590872979e-29 6.73e-15
139 2.2414743064756406e-29 6.35e-15
140 4.7679862447205921e-29 9.22e-15
141 8.7390997156515214e-30 4.68e-15
142 4.7778470060358547e-29 9.84e-15
143 2.8386666636312347e-29 6.57e-15
144 3.1292509736403808e-29 7.27e-15
145 4.2133184207370681e-29 9.5e-15
146 1.7783266734493981e-29 6.76e-15
147 4.0842040772653478e-29 1.1e-14
148 5.9284745920105649e-29 8.33e-15
149 3.4149049029918956e-29 9.79e-15
150 3.2491208533790424e-29 7.15e-15
151 3.6910062198192498e-29 7.53e-15
152 1.0600318413907346e-30 1.03e-15
153 6.3238294909943767e-29 1.16e-14
154 9.7436647746439036e-30 4.01e-15
155 3.5005702669182399e-30 2.79e-15
156 3.1030583263967144e-30 2.68e-15
157 9.237992608445591e-29 1.44e-14
158 3.696552898059085e-29 7.31e-15
159 4.5528983885314256e-29 8.02e-15
160 3.7849916011053469e-29 1.04e-14
161 8.9227563951482882e-29 1.18e-14
162 5.8388032937998952e-29 1.32e-14
163 5.3473059719922726e-29 1.14e-14
164 4.2592325906112598e-29 8.64e-15
165 2.2106594273654448e-29 7.36e-15
166 6.8221060862062423e-29 8.83e-15
167 2.7890547082638195e-29 6.54e-15
168 1.4748001142139697e-29 6.03e-15
169 8.8894763257092768e-29 1.51e-14
170 9.1057967770628511e-30 3.48e-15
171 3.3834737262994959e-29 7.2e-15
172 7.050444340412793e-30 3.17e-15
173 3.4041196953033271e-29 6.64e-15
174 3.0235559382924093e-29 6.4e-15
175 8.4001360454393679e-29 1.12e-14
176 5.3340555739748884e-29 8.3e-15
177 2.2519513653731071e-29 5.85e-15
178 5.118351420203518e-30 3.47e-15
179 7.4233043776461619e-30 3.5e-15
180 5.154712977553549e-29 1.02e-14
181 8.4121538482923442e-29 1.46e-14
182 7.1219348599484472e-29 1.39e-14
183 5.6588443997963519e-29 1.23e-14
184 5.0302208659483581e-29 9.97e-15
185 4.7310083897883571e-29 7.66e-15
186 2.6778129946760127e-29 8.37e-15
187 1.6174730044941762e-29 6.85e-15
188 1.3096323621833204e-30 1.32e-15
189 4.5855621603882331e-29 1.11e-14
190 5.1861441542459487e-29 8.4e-15
191 2.8405155563778464e-29 6.4e-15
192 3.6762150778463558e-29 7.09e-15
193 1.1635698352009924e-29 4.62e-15
194 1.3586280199685317e-29 4.83e-15
195 1.7758614831205824e-29 6.21e-15
196 3.03310855081657e-29 6e-15
197 5.6113894859666504e-30 3.2e-15
198 7.0227109492136168e-29 1.4e-14
199 4.6656808460747421e-29 1.09e-14
# d=3 k=4 starts=200 best 1.0600318413907346e-30
