0 1.2077506681252356e-28 6.33e-15
1 7.5368572071672333e-29 6.76e-15
2 1.1333558462334455e-28 7.84e-15
3 0.3536170127653081 1.43e-08
4 0.35361701276530694 1.33e-08
5 0.51985234859755802 3.1e-08
6 9.088309333167815e-29 9.39e-15
7 1.4533760695126061e-28 9.63e-15
8 7.8156548259167296e-29 1.16e-14
9 0.35361701276530633 1.57e-08
10 5.2439990897753413e-29 9.12e-15
11 8.2280349456089245e-29 1.07e-14
12 8.8556569958858369e-29 1.03e-14
13 0.35361701276530333 1.31e-08
14 1.786253801100496e-28 8.73e-15
15 0.3536170127653101 1.84e-08
16 1.1308290261464094e-28 6.45e-15
17 1.3488751107301547e-28 9.4e-15
18 8.3009121347045375e-29 1.24e-14
19 7.9757381228941966e-29 6.51e-15
20 8.7961842792031591e-29 8.6e-15
21 8.6960359220950228e-29 7.07e-15
22 0.35361701276530644 1.91e-08
23 0.35361701276530977 1.91e-08
24 0.35361701276530427 1e-08
25 0.51985234859755003 3.98e-08
26 0.35361701276530566 1.09e-08
27 0.35361701276530549 1.66e-08
28 2.849968020544899e-28 9.73e-15
29 1.0996443684868913e-28 6.76e-15
30 2.6567048024855286e-29 4.14e-15
31 0.35361701276530955 1.28e-08
32 0.35361701276530677 1.26e-08
33 0.35361701276531149 1.44e-08
34 0.35361701276530766 1.1e-08
35 8.8459503089661253e-29 1.23e-14
36 0.35361701276530694 1.33e-08
37 0.35361701276530744 1.34e-08
38 3.9657208670866451e-29 6.29e-15
39 0.35361701276531116 1.4e-08
40 0.35361701276530749 1.08e-08
41 0.35361701276531382 2.74e-08
42 3.7816019644032253e-29 4.03e-15
43 1.458468228285566e-28 8e-15
44 0.35361701276531105 1.41e-08
45 0.35361701276530699 1.71e-08
46 0.35361701276530993 1.92e-08
47 0.35361701276530949 1.61e-08
48 9.3928373759743247e-29 1.25e-14
49 1.3741895339191805e-28 9.55e-15
50 5.6770251784713674e-29 4.32e-15
51 1.7361334002277625e-28 9.85e-15
52 0.35361701276530899 1.82e-08
53 0.35361701276530599 9.27e-09
54 2.2233782687181781e-28 8.13e-15
55 0.3536170127653091 1.23e-08
56 2.7240969430995268e-28 9.2e-15
57 1.3213651274045274e-28 8.95e-15
58 7.2428062232581901e-29 9.1e-15
59 0.35361701276530866 1.2e-08
60 0.35361701276530455 1.63e-08
61 6.1691387978611939e-29 7.39e-15
62 1.9345118882194254e-28 8.66e-15
63 8.4006753058237963e-29 8.89e-15
64 0.51985234859756058 2.03e-08
65 4.4946582670131555e-29 5.6e-15
66 6.3838414680614829e-29 1.14e-14
67 1.2363699870988299e-28 6.76e-15
68 5.6008353898714083e-29 7.53e-15
69 0.35361701276530455 2.01e-08
70 1.0636679971257377e-28 8.54e-15
71 6.1670587935212557e-29 8.4e-15
72 4.5593695131445667e-29 5.05e-15
73 8.8093576400227678e-29 9.34e-15
74 1.0653474080372434e-28 9.04e-15
75 0.35361701276530577 2.27e-08
76 2.4788567277010337e-28 9.04e-15
77 1.9413681988214439e-28 9.29e-15
78 6.1889373576894947e-29 8.71e-15
79 0.35361701276530888 1.23e-08
80 0.35361701276530461 1.06e-08
81 8.4837214050257739e-29 1.16e-14
82 4.9007983736855358e-29 7.29e-15
83 0.35361701276530605 2.25e-08
84 4.3114638107030417e-29 5.73e-15
85 2.8998110875056406e-28 9.74e-15
86 9.2684223015669093e-29 1.14e-14
87 0.3536170127653091 1.57e-08
88 0.35361701276530766 1.55e-08
89 7.265763308195286e-29 6.91e-15
90 0.35361701276530499 1.44e-08
91 1.2140677183428257e-28 7.89e-15
92 1.0859625621619644e-28 6.4e-15
93 5.0239808529285434e-29 6.21e-15
94 0.35361701276530977 1.3e-08
95 2.2464432057321596e-28 8.82e-15
96 8.4955080962854238e-29 1.03e-14
97 1.4654477984040253e-28 6.89e-15
98 7.4940245252040612e-29 7.32e-15
99 0.35361701276530894 1.67e-08
100 0.35361701276530622 1.55e-08
101 3.5295362532818239e-29 4.42e-15
102 0.35361701276530744 1.35e-08
103 1.3303707758244821e-28 8.44e-15
104 0.51985234859755214 1.67e-08
105 0.53989161476616288 1.94e-08
106 2.4424335405927823e-28 9.18e-15
107 0.35361701276531038 1.99e-08
108 4.6756186445877802e-29 8.61e-15
109 0.35361701276530499 1.35e-08
110 8.5337955835798421e-29 5.58e-15
111 5.5665538368613155e-29 4.19e-15
112 0.35361701276530449 1.04e-08
113 6.2252989150395257e-29 7.13e-15
114 0.353617012765304 9.55e-09
115 9.3520076611533153e-29 6.35e-15
116 0.35361701276530733 1.34e-08
117 0.35361701276530505 1.18e-08
118 6.9503730205024322e-29 9.39e-15
119 9.8094545415441716e-29 1.02e-14
120 4.7186824381442788e-29 4.53e-15
121 9.3880610697122444e-29 1.09e-14
122 1.609022023898205e-28 8.03e-15
123 7.3646020329412389e-29 6.45e-15
124 1.3878559328045524e-28 9.21e-15
125 0.35361701276530877 1.62e-08
126 0.35361701276530788 1.47e-08
127 0.35361701276531055 2.41e-08
128 6.062750427733243e-29 7.74e-15
129 6.4520193880927911e-29 7.02e-15
130 9.2497792997052409e-29 7.7e-15
131 4.4819471293801998e-29 7.35e-15
132 0.35361701276530644 2.66e-08
133 9.8551375998250368e-29 9.85e-15
134 1.8009987207547246e-28 9.95e-15
135 0.35361701276530649 1.48e-08
136 2.0060024077550796e-28 7.99e-15
137 2.5835194645988137e-28 9.18e-15
138 4.4177751436332171e-29 5.38e-15
139 1.5539481312085076e-28 7.53e-15
140 0.3536170127653086 1.65e-08
141 0.35361701276530688 2.05e-08
142 9.7204765781134813e-29 8.47e-15
143 5.3306659372727669e-29 5.67e-15
144 1.1620830172839255e-28 7.14e-15
145 8.8013457714541169e-29 1.1e-14
146 0.35361701276530549 1.92e-08
147 0.35361701276530894 1.62e-08
148 0.35361701276531288 1.54e-08
149 1.0840751508164649e-28 7.84e-15
150 0.35361701276531365 1.68e-08
151 8.0585531105028477e-29 1.16e-14
152 9.241613356741039e-29 9.46e-15
153 1.1658039139364816e-28 7.6e-15
154 1.591003023338518e-28 9.46e-15
155 6.7049325083897229e-29 7e-15
156 6.4086474457451905e-29 6.23e-15
157 1.3253017282108549e-28 9.75e-15
158 1.1019785955794886e-28 8.86e-15
159 1.6970370223567016e-28 8.17e-15
160 7.006533137680764e-29 8.46e-15
161 2.5019447758743479e-28 8.54e-15
162 1.1642631699809718e-28 9.41e-15
163 1.1920196723394807e-28 7.81e-15
164 1.1325854742556906e-28 7.51e-15
165 1.6424253528536572e-28 9.01e-15
166 9.6044585582635942e-29 7.09e-15
167 0.35361701276530738 2.44e-08
168 0.35361701276530511 9.98e-09
169 0.35361701276530827 1.45e-08
170 4.2126250859570887e-29 5.45e-15
171 0.51985234859756313 2.86e-08
172 1.685127071580611e-28 9.44e-15
173 0.35361701276530816 1.19e-08
174 1.8982889978253902e-28 7.66e-15
175 7.3658346281056468e-29 8.06e-15
176 0.35361701276530838 1.46e-08
177 3.7319900090358101e-29 6.28e-15
178 0.35361701276530649 1.33e-08
179 5.1930004648479673e-29 8.12e-15
180 1.0916016850391302e-28 6.59e-15
181 4.3444357313509511e-29 6.85e-15
182 0.35361701276531554 1.72e-08
183 1.1158992172175196e-28 7.21e-15
184 9.8097626903352736e-29 8.4e-15
185 7.075789578480929e-29 6.7e-15
186 1.144379869235118e-28 7.34e-15
187 8.2887402574560102e-29 1.28e-14
188 1.8640382596944076e-28 9.34e-15
189 1.2488808280175694e-28 8.74e-15
190 8.8201428477113363e-29 8.52e-15
191 0.35361701276530932 1.26e-08
192 8.7486523281756821e-29 8.51e-15
193 1.3164116355875635e-28 9.44e-15
194 0.35361701276530638 1.21e-08
195 1.0479138901806501e-28 5.79e-15
196 7.877746807323774e-29 9.17e-15
197 0.51985234859754847 1.45e-08
198 0.35361701276531293 1.94e-08
199 2.0351378759537697e-28 8.87e-15
# d=5 k=4 starts=200 best 2.6567048024855286e-29
