0 0.19565212039147598 5.27e-09
1 0.051249218996284027 7.58e-09
2 0.051249218996284165 4.1e-09
3 0.051249218996284152 4.06e-09
4 0.051249218996284047 4.23e-09
5 0.19565212039147717 1.32e-08
6 0.051249218996284152 4.35e-09
7 0.051249218996284159 5.21e-09
8 0.051249218996284068 4.75e-09
9 0.17886733742736055 9.1e-09
10 0.051249218996284131 3.92e-09
11 0.19565212039147867 1.44e-08
12 0.05124921899628395 4.88e-09
13 0.2122322594108414 2.43e-08
14 0.051249218996284332 5.65e-09
15 0.051249218996284186 4.57e-09
16 0.051249218996284138 7.15e-09
17 0.051249218996283923 2.62e-09
18 0.051249218996284054 3.46e-09
19 0.051249218996284089 3.67e-09
20 0.051249218996284186 6.8e-09
21 0.19565212039147692 8.02e-09
22 0.051249218996284165 4.95e-09
23 0.051249218996284145 4.4e-09
24 0.051249218996284429 5.75e-09
25 0.051249218996284145 4.01e-09
26 0.051249218996284353 5.4e-09
27 0.051249218996284318 6.58e-09
28 0.051249218996284339 4.93e-09
29 0.051249218996284068 4.85e-09
30 0.051249218996284311 5.81e-09
31 0.051249218996284193 4.22e-09
32 0.051249218996284221 4.55e-09
33 0.051249218996284124 6.4e-09
34 0.23400567685299328 8.33e-09
35 0.051249218996284061 3.75e-09
36 0.051249218996284124 5.25e-09
37 0.051249218996284047 3.73e-09
38 0.051249218996284089 3.8e-09
39 0.051249218996284443 6.41e-09
40 0.26767860546962546 1.5e-08
41 0.051249218996284013 3.14e-09
42 0.21223225941085092 2.22e-08
43 0.051249218996284027 8.3e-09
44 0.051249218996284103 4.25e-09
45 0.051249218996284263 5.17e-09
46 0.051249218996284034 3.23e-09
47 0.21223225941083665 1.36e-08
48 0.051249218996284214 4.64e-09
49 0.23400567685299217 9.15e-09
50 0.23400567685299375 9.49e-09
51 0.17886733742735764 7.36e-09
52 0.051249218996284082 8.71e-09
53 0.23400567685299284 9.17e-09
54 0.051249218996284041 5.42e-09
55 0.051249218996284068 3.63e-09
56 0.051249218996284089 3.89e-09
57 0.051249218996284276 4.74e-09
58 0.051249218996284242 4.5e-09
59 0.26194870771428086 1.22e-08
60 0.21223225941083809 1.28e-08
61 0.051249218996284152 4.18e-09
62 0.051249218996284249 4.63e-09
63 0.05124921899628402 3.86e-09
64 0.23400567685299326 9.26e-09
65 0.1956521203914772 8.58e-09
66 0.051249218996284082 4.23e-09
67 0.051249218996284041 3.32e-09
68 0.051249218996284339 5.79e-09
69 0.051249218996284117 3.88e-09
70 0.05124921899628393 2.53e-09
71 0.17886733742735897 8.59e-09
72 0.051249218996284034 3.55e-09
73 0.051249218996284263 5.81e-09
74 0.051249218996284075 5.93e-09
75 0.23400567685299387 9.57e-09
76 0.051249218996284047 3.63e-09
77 0.051249218996284353 5.2e-09
78 0.051249218996283985 3.15e-09
79 0.051249218996284145 8.29e-09
80 0.051249218996284179 7.96e-09
81 0.051249218996284047 3.42e-09
82 0.05124921899628393 2.67e-09
83 0.051249218996284186 8.18e-09
84 0.051249218996283936 4.39e-09
85 0.19565212039147695 1.15e-08
86 0.051249218996284138 4.48e-09
87 0.051249218996284207 7.06e-09
88 0.051249218996284131 3.93e-09
89 0.051249218996284075 3.69e-09
90 0.05124921899628402 6.9e-09
91 0.051249218996284145 4.78e-09
92 0.051249218996283964 2.89e-09
93 0.19565212039147739 8.88e-09
94 0.051249218996284186 5.24e-09
95 0.051249218996283957 3.33e-09
96 0.051249218996284006 3.91e-09
97 0.051249218996284054 3.66e-09
98 0.051249218996284263 6.92e-09
99 0.051249218996284193 4.38e-09
100 0.051249218996284054 7.07e-09
101 0.051249218996284054 4.72e-09
102 0.0512492189962842 9.69e-09
103 0.051249218996284006 3.42e-09
104 0.051249218996284186 6.2e-09
105 0.051249218996284138 3.98e-09
106 0.051249218996284394 5.7e-09
107 0.051249218996284082 3.72e-09
108 0.051249218996284096 3.67e-09
109 0.051249218996284394 5.65e-09
110 0.051249218996284152 5.2e-09
111 0.051249218996284179 6.45e-09
112 0.051249218996283971 3e-09
113 0.17886733742736097 1.09e-08
114 0.26194870771428103 1.15e-08
115 0.27713209377670939 1.69e-08
116 0.051249218996284096 4.06e-09
117 0.051249218996283992 4.31e-09
118 0.051249218996283978 3.05e-09
119 0.051249218996284061 5.95e-09
120 0.051249218996283992 3.23e-09
121 0.051249218996284172 4.06e-09
122 0.23400567685299276 9.38e-09
123 0.051249218996284054 4.32e-09
124 0.051249218996284138 5.32e-09
125 0.23400567685299248 8.17e-09
126 0.05124921899628411 4.22e-09
127 0.051249218996284013 3.96e-09
128 0.051249218996284006 3.06e-09
129 0.051249218996284221 5.26e-09
130 0.19565212039147697 1.06e-08
131 0.051249218996283978 3.68e-09
132 0.051249218996283964 3.9e-09
133 0.051249218996284138 4.03e-09
134 0.051249218996284061 3.42e-09
135 0.051249218996284235 5.96e-09
136 0.051249218996284075 3.6e-09
137 0.19565212039147778 1.05e-08
138 0.19565212039147686 1e-08
139 0.051249218996284138 6.57e-09
140 0.051249218996283881 6.27e-09
141 0.05124921899628411 4.5e-09
142 0.19565212039147817 1.57e-08
143 0.051249218996284152 8.91e-09
144 0.19565212039147714 8.22e-09
145 0.051249218996284263 4.68e-09
146 0.051249218996284263 5.57e-09
147 0.051249218996284075 3.56e-09
148 0.051249218996284047 3.61e-09
149 0.051249218996283992 3.18e-09
150 0.051249218996284054 3.42e-09
151 0.051249218996284041 5.06e-09
152 0.051249218996283957 6.22e-09
153 0.19565212039147697 7.6e-09
154 0.051249218996284172 4.17e-09
155 0.21223225941083479 8.11e-09
156 0.26194870771428019 2.04e-08
157 0.051249218996284297 6.5e-09
158 0.051249218996284159 5.07e-09
159 0.051249218996284027 4.52e-09
160 0.051249218996283999 6.97e-09
161 0.051249218996284207 4.35e-09
162 0.051249218996283964 2.76e-09
163 0.051249218996283985 2.94e-09
164 0.051249218996284332 5.35e-09
165 0.051249218996284068 4.4e-09
166 0.051249218996284068 3.51e-09
167 0.051249218996283936 2.9e-09
168 0.23400567685299298 1.02e-08
169 0.19565212039147806 1.08e-08
170 0.21223225941083987 1.42e-08
171 0.05124921899628393 2.64e-09
172 0.051249218996284214 7.23e-09
173 0.23400567685299348 9.8e-09
174 0.051249218996284165 6.03e-09
175 0.051249218996284228 5.92e-09
176 0.051249218996284159 4.11e-09
177 0.051249218996284103 3.81e-09
178 0.26194870771428241 1.33e-08
179 0.051249218996284082 3.96e-09
180 0.29414667819027274 2.43e-08
181 0.2340056768529932 1.22e-08
182 0.23400567685299645 1.38e-08
183 0.051249218996283943 2.62e-09
184 0.051249218996283992 3.7e-09
185 0.051249218996284027 3.23e-09
186 0.17886733742735994 1.09e-08
187 0.051249218996284013 5.56e-09
188 0.19565212039147631 5.19e-09
189 0.051249218996284165 6.55e-09
190 0.23400567685299245 8.09e-09
191 0.19565212039147653 6.29e-09
192 0.051249218996284006 3.3e-09
193 0.051249218996284047 9.43e-09
194 0.19565212039147706 1.18e-08
195 0.19565212039147675 1.21e-08
196 0.051249218996284096 3.74e-09
197 0.051249218996284047 3.36e-09
198 0.051249218996284124 4.19e-09
199 0.051249218996284068 3.53e-09
200 0.19565212039147659 6.2e-09
201 0.19565212039147739 9.49e-09
202 0.051249218996284145 4.56e-09
203 0.05124921899628427 7.52e-09
204 0.051249218996284041 5.43e-09
205 0.051249218996284047 5.62e-09
206 0.051249218996284047 3.41e-09
207 0.051249218996283867 2.37e-09
208 0.051249218996284193 4.87e-09
209 0.051249218996283999 4.03e-09
210 0.051249218996284013 1.04e-08
211 0.27713209377670911 7.88e-09
212 0.051249218996284075 8.76e-09
213 0.19565212039147764 1.59e-08
214 0.051249218996284207 4.44e-09
215 0.051249218996284068 4.39e-09
216 0.2941466781904723 2.2e-08
217 0.051249218996284159 9.55e-09
218 0.051249218996283999 3.71e-09
219 0.051249218996284041 3.98e-09
220 0.051249218996284263 8.71e-09
221 0.051249218996283971 2.92e-09
222 0.051249218996284339 8.4e-09
223 0.051249218996284381 6.03e-09
224 0.051249218996284013 3.3e-09
225 0.051249218996284061 5.87e-09
226 0.19565212039147742 1.62e-08
227 0.051249218996284075 7.23e-09
228 0.19565212039147722 8.65e-09
229 0.051249218996283999 3.06e-09
230 0.26194870771427986 1.38e-08
231 0.051249218996283943 2.64e-09
232 0.051249218996284013 2.99e-09
233 0.051249218996284526 6.32e-09
234 0.051249218996284041 3.52e-09
235 0.051249218996284242 4.57e-09
236 0.17886733742736 1.38e-08
237 0.051249218996284061 5.29e-09
238 0.19565212039147681 7.4e-09
239 0.051249218996284047 3.59e-09
240 0.051249218996284068 3.43e-09
241 0.051249218996284394 1.05e-08
242 0.23400567685299187 5.36e-09
243 0.051249218996283964 6.14e-09
244 0.051249218996284228 4.63e-09
245 0.19565212039147789 1.27e-08
246 0.051249218996284214 6.08e-09
247 0.17886733742736294 1.21e-08
248 0.05124921899628427 4.68e-09
249 0.26194870771428314 1.32e-08
250 0.05124921899628402 6.22e-09
251 0.051249218996283999 4.21e-09
252 0.051249218996284034 3.58e-09
253 0.051249218996283978 3.29e-09
254 0.05124921899628411 5.04e-09
255 0.051249218996284193 5.06e-09
256 0.21223225941084126 2.2e-08
257 0.051249218996284165 4.03e-09
258 0.23400567685299239 9.28e-09
259 0.051249218996284179 4.52e-09
260 0.19565212039147686 8.76e-09
261 0.051249218996284374 5.87e-09
262 0.23400567685299239 6.53e-09
263 0.23400567685299162 4.32e-09
264 0.051249218996284165 5.36e-09
265 0.051249218996284138 4.33e-09
266 0.051249218996284068 3.46e-09
267 0.29414667819041196 2.41e-08
268 0.17886733742736524 1.98e-08
269 0.23400567685299253 7.37e-09
270 0.19565212039147808 1.06e-08
271 0.051249218996284172 4.23e-09
272 0.27713209377671166 2.71e-08
273 0.051249218996284103 4.24e-09
274 0.051249218996284179 4.21e-09
275 0.19565212039147692 7.75e-09
276 0.051249218996284346 6.87e-09
277 0.19565212039147775 9.89e-09
278 0.051249218996284089 3.73e-09
279 0.051249218996284006 3.12e-09
280 0.051249218996284054 3.46e-09
281 0.051249218996284013 3.24e-09
282 0.05124921899628411 3.79e-09
283 0.051249218996283992 3.37e-09
284 0.05124921899628393 2.62e-09
285 0.051249218996284179 4.2e-09
286 0.051249218996284082 4.23e-09
287 0.19565212039147653 6.64e-09
288 0.051249218996284117 3.81e-09
289 0.051249218996284304 7.65e-09
290 0.051249218996284034 3.21e-09
291 0.19565212039147672 8.52e-09
292 0.19565212039147636 6.26e-09
293 0.19565212039147764 9.64e-09
294 0.19565212039147706 9.81e-09
295 0.051249218996284172 4.16e-09
296 0.051249218996284061 5.5e-09
297 0.051249218996284179 5.2e-09
298 0.051249218996284027 6.33e-09
299 0.051249218996284068 4.55e-09
300 0.051249218996284159 5.13e-09
301 0.23400567685299248 8.3e-09
302 0.051249218996284276 6.86e-09
303 0.051249218996284054 6.26e-09
304 0.2340056768529945 1.18e-08
305 0.23400567685299298 8.38e-09
306 0.051249218996284117 4.08e-09
307 0.1956521203914772 8.21e-09
308 0.051249218996284138 4.73e-09
309 0.05124921899628393 2.89e-09
310 0.051249218996284512 6.69e-09
311 0.051249218996284027 3.24e-09
312 0.051249218996284082 3.69e-09
313 0.051249218996284387 7.46e-09
314 0.051249218996284152 4.12e-09
315 0.23400567685299301 1.13e-08
316 0.051249218996284041 5.05e-09
317 0.051249218996284027 3.6e-09
318 0.051249218996283957 3.25e-09
319 0.051249218996284138 3.93e-09
320 0.23400567685299301 1e-08
321 0.27713209377670972 1.02e-08
322 0.051249218996284207 5.78e-09
323 0.051249218996284068 4.48e-09
324 0.27713209377671083 1.38e-08
325 0.051249218996283992 3e-09
326 0.05124921899628411 3.79e-09
327 0.051249218996284152 4.04e-09
328 0.05124921899628436 8.01e-09
329 0.19565212039147661 8.95e-09
330 0.26194870771428702 1.96e-08
331 0.23400567685299339 9.43e-09
332 0.051249218996284027 3.52e-09
333 0.05124921899628411 3.74e-09
334 0.23400567685299353 1.13e-08
335 0.051249218996284304 5.52e-09
336 0.21223225941083959 1.74e-08
337 0.26194870771427947 1.24e-08
338 0.051249218996283985 2.84e-09
339 0.19565212039147672 6.89e-09
340 0.05124921899628402 3.16e-09
341 0.051249218996283888 2.1e-09
342 0.051249218996283957 2.79e-09
343 0.051249218996284068 3.84e-09
344 0.051249218996284415 6.31e-09
345 0.051249218996284027 5.39e-09
346 0.051249218996284124 4.57e-09
347 0.051249218996284145 4.17e-09
348 0.23400567685299228 9.74e-09
349 0.05124921899628411 3.87e-09
350 0.051249218996284082 4.35e-09
351 0.051249218996284131 3.91e-09
352 0.051249218996284117 3.84e-09
353 0.2122322594108389 1.24e-08
354 0.051249218996284013 3.46e-09
355 0.17886733742736149 1.24e-08
356 0.051249218996284207 7.61e-09
357 0.051249218996284034 3.26e-09
358 0.051249218996284242 4.72e-09
359 0.19565212039147667 8.88e-09
360 0.17886733742735814 7.07e-09
361 0.051249218996284165 4.12e-09
362 0.19565212039147695 7.6e-09
363 0.051249218996284013 3.32e-09
364 0.051249218996283971 2.81e-09
365 0.051249218996284075 3.64e-09
366 0.05124921899628402 3.42e-09
367 0.05124921899628393 2.93e-09
368 0.051249218996284276 4.66e-09
369 0.051249218996284096 4.72e-09
370 0.051249218996284145 4.05e-09
371 0.23400567685299359 8.95e-09
372 0.051249218996284089 4.56e-09
373 0.051249218996284131 5.77e-09
374 0.27713209377671005 1.21e-08
375 0.23400567685299326 9.21e-09
376 0.05124921899628429 4.78e-09
377 0.05124921899628395 6.69e-09
378 0.05124921899628427 5.85e-09
379 0.051249218996284103 3.96e-09
380 0.051249218996284034 4.2e-09
381 0.051249218996284117 3.83e-09
382 0.051249218996284054 3.74e-09
383 0.051249218996284145 4.29e-09
384 0.051249218996284138 4.02e-09
385 0.19565212039147839 1.19e-08
386 0.051249218996284145 6.33e-09
387 0.051249218996284145 5.04e-09
388 0.29414667819028961 1.85e-08
389 0.051249218996284054 3.49e-09
390 0.051249218996284221 4.5e-09
391 0.051249218996284089 3.73e-09
392 0.23400567685299245 8.25e-09
393 0.19565212039147689 7.33e-09
394 0.051249218996284297 6.07e-09
395 0.2340056768529927 1.01e-08
396 0.051249218996284186 5.62e-09
397 0.19565212039147734 1.52e-08
398 0.051249218996284124 3.89e-09
399 0.051249218996284138 6.15e-09
400 0.051249218996283902 2.4e-09
401 0.26194870771428036 1.69e-08
402 0.051249218996283985 2.85e-09
403 0.2340056768529919 7.08e-09
404 0.051249218996284145 4.5e-09
405 0.051249218996284027 3.38e-09
406 0.051249218996284353 5.46e-09
407 0.21223225941084201 1.36e-08
408 0.051249218996283978 4.14e-09
409 0.051249218996284047 3.98e-09
410 0.051249218996284027 3.83e-09
411 0.051249218996284034 3.66e-09
412 0.051249218996284061 3.49e-09
413 0.051249218996284235 4.53e-09
414 0.2619487077142843 1.49e-08
415 0.051249218996284207 5.47e-09
416 0.051249218996284186 7.31e-09
417 0.051249218996284075 3.46e-09
418 0.23400567685299437 1.15e-08
419 0.051249218996284013 4.22e-09
420 0.051249218996284172 4.25e-09
421 0.051249218996284054 3.43e-09
422 0.26194870771428053 1.27e-08
423 0.051249218996284096 3.68e-09
424 0.051249218996284221 4.44e-09
425 0.051249218996284034 3.5e-09
426 0.051249218996284096 3.82e-09
427 0.051249218996284165 4.33e-09
428 0.19565212039147695 7.66e-09
429 0.051249218996284138 4.16e-09
430 0.051249218996284311 8.19e-09
431 0.051249218996284138 5.45e-09
432 0.051249218996284027 3.79e-09
433 0.19565212039147722 1.01e-08
434 0.05124921899628429 4.81e-09
435 0.051249218996283971 2.75e-09
436 0.051249218996283964 2.59e-09
437 0.19565212039147678 8.61e-09
438 0.2340056768529922 1.01e-08
439 0.21223225941083568 9.23e-09
440 0.051249218996284138 8.92e-09
441 0.051249218996284006 4.48e-09
442 0.17886733742736391 1.56e-08
443 0.051249218996283978 2.77e-09
444 0.23400567685299259 1.17e-08
445 0.051249218996284172 4.6e-09
446 0.051249218996284082 3.9e-09
447 0.051249218996284041 3.56e-09
448 0.051249218996284138 4.19e-09
449 0.051249218996284179 4.23e-09
450 0.051249218996283992 3.22e-09
451 0.05124921899628402 3.07e-09
452 0.17886733742736413 1.52e-08
453 0.051249218996284027 4.62e-09
454 0.051249218996284061 3.47e-09
455 0.19565212039147645 6.37e-09
456 0.051249218996284041 6.86e-09
457 0.051249218996284263 4.54e-09
458 0.051249218996284172 4.03e-09
459 0.23400567685299359 9.27e-09
460 0.05124921899628429 6.6e-09
461 0.23400567685299303 7.92e-09
462 0.23400567685299328 1.7e-08
463 0.051249218996284186 4.26e-09
464 0.19565212039147764 1.1e-08
465 0.051249218996284041 3.23e-09
466 0.051249218996284256 6.06e-09
467 0.17886733742736011 8.69e-09
468 0.051249218996284415 5.48e-09
469 0.051249218996284131 6.32e-09
470 0.23400567685299492 1.84e-08
471 0.19565212039147684 1.09e-08
472 0.051249218996284068 3.47e-09
473 0.051249218996284159 4.39e-09
474 0.051249218996284304 9.43e-09
475 0.051249218996284214 4.36e-09
476 0.051249218996284464 5.76e-09
477 0.051249218996284124 7.25e-09
478 0.05124921899628393 2.43e-09
479 0.051249218996283902 6.34e-09
480 0.23400567685299259 8.76e-09
481 0.051249218996284304 5.21e-09
482 0.17886733742735902 1.27e-08
483 0.051249218996284242 4.99e-09
484 0.23400567685299445 1.24e-08
485 0.051249218996284047 3.47e-09
486 0.051249218996284304 8.11e-09
487 0.05124921899628436 6.89e-09
488 0.19565212039147631 5.99e-09
489 0.051249218996284117 5.1e-09
490 0.23400567685299223 7.98e-09
491 0.051249218996284041 3.76e-09
492 0.23400567685299398 1.04e-08
493 0.1956521203914772 1.88e-08
494 0.051249218996284089 4.93e-09
495 0.051249218996284061 3.58e-09
496 0.051249218996284186 4.23e-09
497 0.051249218996284263 4.59e-09
498 0.051249218996284075 3.97e-09
499 0.2619487077142803 1.19e-08
500 0.05124921899628436 7.29e-09
501 0.05124921899628411 3.69e-09
502 0.23400567685299326 1.46e-08
503 0.051249218996284179 4.14e-09
504 0.051249218996283999 4.42e-09
505 0.051249218996284221 5.43e-09
506 0.051249218996283874 3.66e-09
507 0.23400567685299287 9.97e-09
508 0.051249218996284152 4.89e-09
509 0.23400567685299231 8.14e-09
510 0.051249218996284228 4.45e-09
511 0.19565212039147731 8.75e-09
512 0.051249218996284138 3.9e-09
513 0.051249218996284131 4.15e-09
514 0.051249218996284034 3.51e-09
515 0.051249218996284006 4.31e-09
516 0.19565212039147734 9.5e-09
517 0.051249218996284054 3.51e-09
518 0.17886733742736399 1.31e-08
519 0.051249218996284179 4.83e-09
520 0.051249218996284145 4e-09
521 0.051249218996284075 5.1e-09
522 0.051249218996284082 6.28e-09
523 0.051249218996284179 6.17e-09
524 0.051249218996284061 3.62e-09
525 0.051249218996284193 4.27e-09
526 0.051249218996284082 4.09e-09
527 0.051249218996284068 4.43e-09
528 0.051249218996284145 5.07e-09
529 0.051249218996284047 4.46e-09
530 0.051249218996284145 4.14e-09
531 0.051249218996284214 4.61e-09
532 0.21223225941083484 1.4e-08
533 0.051249218996284103 4.13e-09
534 0.051249218996284061 3.6e-09
535 0.051249218996284124 7.45e-09
536 0.051249218996284117 4.04e-09
537 0.051249218996284061 6.36e-09
538 0.051249218996284207 4.64e-09
539 0.1956521203914765 6.43e-09
540 0.051249218996284145 4.04e-09
541 0.23400567685299212 1.15e-08
542 0.051249218996284207 9.17e-09
543 0.051249218996284159 5.05e-09
544 0.051249218996284152 4.17e-09
545 0.051249218996284124 4.84e-09
546 0.05124921899628411 6.86e-09
547 0.051249218996284047 3.56e-09
548 0.051249218996284332 7.61e-09
549 0.19565212039147731 8.68e-09
550 0.051249218996284145 3.89e-09
551 0.051249218996284034 3.3e-09
552 0.19565212039147756 1.22e-08
553 0.23400567685299306 8.77e-09
554 0.051249218996283985 4.25e-09
555 0.05124921899628436 7.73e-09
556 0.051249218996284124 4.11e-09
557 0.051249218996284041 3.41e-09
558 0.26194870771428214 1.82e-08
559 0.17886733742735786 6.44e-09
560 0.051249218996284013 3.3e-09
561 0.051249218996284256 5.06e-09
562 0.05124921899628402 3.3e-09
563 0.051249218996283881 1.78e-09
564 0.19565212039147847 1.41e-08
565 0.051249218996284186 7.03e-09
566 0.19565212039147639 5.67e-09
567 0.051249218996284318 5.78e-09
568 0.051249218996284096 6.22e-09
569 0.051249218996284387 1.16e-08
570 0.195652120391477 9.11e-09
571 0.051249218996284034 5.05e-09
572 0.051249218996284061 4.85e-09
573 0.051249218996284047 4.98e-09
574 0.19565212039147642 6.17e-09
575 0.23400567685299423 1.06e-08
576 0.051249218996284165 4.18e-09
577 0.17886733742735872 7.65e-09
578 0.17886733742736818 1.83e-08
579 0.19565212039147709 8.31e-09
580 0.17886733742735744 7.39e-09
581 0.05124921899628402 8.71e-09
582 0.051249218996283978 4.42e-09
583 0.051249218996283985 3.31e-09
584 0.23400567685299509 1.8e-08
585 0.051249218996284103 3.72e-09
586 0.051249218996284041 5.75e-09
587 0.051249218996284041 3.62e-09
588 0.051249218996284353 8.62e-09
589 0.051249218996283957 4.22e-09
590 0.051249218996284082 5.23e-09
591 0.29414667819025481 2.14e-08
592 0.23400567685299253 6.52e-09
593 0.051249218996284096 3.61e-09
594 0.051249218996284082 4.7e-09
595 0.051249218996283999 4.65e-09
596 0.051249218996284582 1.08e-08
597 0.051249218996284013 3.49e-09
598 0.23400567685299226 7.61e-09
599 0.17886733742735794 8.25e-09
600 0.17886733742735852 7.58e-09
601 0.051249218996284117 5.08e-09
602 0.051249218996283839 2.9e-09
603 0.051249218996283999 3.04e-09
604 0.23400567685299237 6.02e-09
605 0.19565212039147845 1.42e-08
606 0.051249218996284228 6.49e-09
607 0.051249218996284061 3.66e-09
608 0.051249218996284193 5.34e-09
609 0.19565212039147659 6.26e-09
610 0.051249218996284159 4.52e-09
611 0.051249218996284394 5.66e-09
612 0.051249218996284068 4.32e-09
613 0.051249218996284159 4.19e-09
614 0.051249218996284131 3.88e-09
615 0.19565212039147706 8.18e-09
616 0.19565212039147747 1.45e-08
617 0.05124921899628395 2.91e-09
618 0.23400567685299373 9.68e-09
619 0.05124921899628411 4.36e-09
620 0.051249218996284193 6.29e-09
621 0.051249218996284138 4.31e-09
622 0.051249218996284172 4.13e-09
623 0.051249218996283971 1.16e-08
624 0.051249218996283923 2.64e-09
625 0.23400567685299647 2e-08
626 0.051249218996283964 3.4e-09
627 0.23400567685299375 1.28e-08
628 0.051249218996283985 2.89e-09
629 0.051249218996284124 3.83e-09
630 0.17886733742735839 8.36e-09
631 0.051249218996284075 3.58e-09
632 0.19565212039147686 1.35e-08
633 0.19565212039147775 1.38e-08
634 0.051249218996284138 5.67e-09
635 0.05124921899628411 3.8e-09
636 0.23400567685299378 1.15e-08
637 0.051249218996284103 6.34e-09
638 0.051249218996284096 3.69e-09
639 0.051249218996284117 8.02e-09
640 0.051249218996284041 3.31e-09
641 0.051249218996284152 4.27e-09
642 0.05124921899628402 3.56e-09
643 0.23400567685299323 1.13e-08
644 0.17886733742735844 8.61e-09
645 0.19565212039147739 1.17e-08
646 0.051249218996284041 3.93e-09
647 0.19565212039147653 6.51e-09
648 0.051249218996284068 4.39e-09
649 0.051249218996284061 5.58e-09
650 0.051249218996284179 4.35e-09
651 0.051249218996283895 4.02e-09
652 0.051249218996284075 3.99e-09
653 0.19565212039147692 7.59e-09
654 0.051249218996284311 5.37e-09
655 0.051249218996284228 6.66e-09
656 0.051249218996284013 4.75e-09
657 0.051249218996284186 5.53e-09
658 0.051249218996283971 4.43e-09
659 0.05124921899628411 4.12e-09
660 0.051249218996284041 3.26e-09
661 0.051249218996283916 2.68e-09
662 0.051249218996284207 4.32e-09
663 0.051249218996284047 3.31e-09
664 0.051249218996284034 3.48e-09
665 0.051249218996284221 8.01e-09
666 0.23400567685299184 7.9e-09
667 0.051249218996284165 8.8e-09
668 0.051249218996284041 3.4e-09
669 0.21223225941084181 2.38e-08
670 0.1956521203914767 7.27e-09
671 0.2340056768529945 1.71e-08
672 0.051249218996284027 3.48e-09
673 0.051249218996284068 3.78e-09
674 0.051249218996284145 4.25e-09
675 0.051249218996284353 5.19e-09
676 0.19565212039147684 6.99e-09
677 0.051249218996284124 4.55e-09
678 0.051249218996284061 3.66e-09
679 0.05124921899628427 8.81e-09
680 0.23400567685299317 1.1e-08
681 0.051249218996284089 3.85e-09
682 0.19565212039147714 8.69e-09
683 0.051249218996284124 4.73e-09
684 0.051249218996284082 3.84e-09
685 0.17886733742736133 1.15e-08
686 0.051249218996284124 4.01e-09
687 0.23400567685299356 1.65e-08
688 0.051249218996284027 3.29e-09
689 0.051249218996284138 5.46e-09
690 0.051249218996284193 4.35e-09
691 0.051249218996284034 4.2e-09
692 0.051249218996284047 3.34e-09
693 0.051249218996284172 4.25e-09
694 0.051249218996284041 4.07e-09
695 0.23400567685299373 1e-08
696 0.26194870771428236 1.33e-08
697 0.17886733742736086 1.48e-08
698 0.051249218996284235 6.11e-09
699 0.17886733742735911 1.15e-08
700 0.051249218996283971 2.81e-09
701 0.19565212039147709 1.11e-08
702 0.051249218996284075 3.63e-09
703 0.051249218996283957 2.76e-09
704 0.051249218996284013 3.53e-09
705 0.051249218996284013 3.42e-09
706 0.051249218996284152 7.84e-09
707 0.23400567685299384 1.04e-08
708 0.19565212039147706 1e-08
709 0.23400567685299284 9.47e-09
710 0.051249218996284006 4.11e-09
711 0.051249218996284242 5.1e-09
712 0.051249218996283999 3.47e-09
713 0.051249218996284006 3.22e-09
714 0.19565212039147695 9.5e-09
715 0.2122322594108384 1.09e-08
716 0.05124921899628402 4.39e-09
717 0.23400567685299334 1.02e-08
718 0.051249218996284027 4.22e-09
719 0.051249218996284193 4.36e-09
720 0.051249218996284526 5.94e-09
721 0.051249218996284061 3.47e-09
722 0.17886733742736741 1.8e-08
723 0.051249218996284152 4.73e-09
724 0.051249218996284041 3.57e-09
725 0.051249218996283867 1.71e-09
726 0.19565212039147714 1.58e-08
727 0.051249218996284041 6.68e-09
728 0.051249218996284117 3.91e-09
729 0.051249218996284103 5.09e-09
730 0.051249218996284207 4.34e-09
731 0.051249218996284013 3.32e-09
732 0.051249218996284034 3.23e-09
733 0.17886733742736274 1.89e-08
734 0.051249218996283971 3.35e-09
735 0.051249218996283923 4.55e-09
736 0.19565212039147711 8.81e-09
737 0.05124921899628402 4.33e-09
738 0.051249218996284159 4.33e-09
739 0.051249218996284047 3.36e-09
740 0.26194870771428241 1.31e-08
741 0.05124921899628429 7.44e-09
742 0.17886733742736025 1.05e-08
743 0.051249218996284186 4.32e-09
744 0.051249218996284145 4.01e-09
745 0.051249218996284089 3.81e-09
746 0.051249218996284485 6.25e-09
747 0.051249218996284165 4.1e-09
748 0.051249218996284027 3.51e-09
749 0.19565212039147659 6.88e-09
750 0.051249218996283957 9.39e-09
751 0.051249218996283999 3.14e-09
752 0.051249218996284082 3.82e-09
753 0.051249218996284228 4.74e-09
754 0.051249218996283964 2.89e-09
755 0.051249218996284193 6.24e-09
756 0.051249218996284034 3.54e-09
757 0.051249218996284047 3.42e-09
758 0.05124921899628402 7.68e-09
759 0.051249218996284263 7.26e-09
760 0.051249218996284159 8.07e-09
761 0.19565212039147686 8.9e-09
762 0.051249218996284054 3.63e-09
763 0.27713209377670966 2.24e-08
764 0.051249218996284089 3.6e-09
765 0.051249218996283992 3.16e-09
766 0.05124921899628427 8.96e-09
767 0.23400567685299289 1.55e-08
768 0.23400567685299206 5.94e-09
769 0.051249218996283936 2.8e-09
770 0.051249218996284235 5.62e-09
771 0.051249218996283978 2.99e-09
772 0.23400567685299267 1.07e-08
773 0.051249218996284089 3.86e-09
774 0.051249218996284054 3.51e-09
775 0.051249218996284096 3.75e-09
776 0.26767860546962546 1.38e-08
777 0.051249218996284054 1.04e-08
778 0.051249218996283992 2.99e-09
779 0.23400567685299364 1.36e-08
780 0.051249218996283985 3.14e-09
781 0.051249218996283978 4.63e-09
782 0.051249218996284089 3.69e-09
783 0.051249218996284061 4.38e-09
784 0.051249218996284429 5.7e-09
785 0.051249218996284103 3.66e-09
786 0.19565212039147703 8.43e-09
787 0.27713209377671089 1.18e-08
788 0.21223225941084073 1.93e-08
789 0.2340056768529942 1.63e-08
790 0.05124921899628402 5.76e-09
791 0.051249218996284221 8.22e-09
792 0.19565212039147689 7.65e-09
793 0.051249218996284221 4.44e-09
794 0.051249218996284034 3.29e-09
795 0.051249218996284075 9.29e-09
796 0.051249218996284235 4.47e-09
797 0.051249218996284297 5.04e-09
798 0.051249218996284034 3.97e-09
799 0.051249218996284214 6.67e-09
800 0.19565212039147648 7.02e-09
801 0.19565212039147764 1.37e-08
802 0.051249218996284332 6.06e-09
803 0.051249218996284068 3.46e-09
804 0.19565212039147661 2.43e-08
805 0.23400567685299245 9.77e-09
806 0.23400567685299251 8.41e-09
807 0.19565212039147636 6.02e-09
808 0.051249218996284027 3.28e-09
809 0.0512492189962842 4.55e-09
810 0.23400567685299273 8.44e-09
811 0.05124921899628402 3.2e-09
812 0.051249218996284047 3.38e-09
813 0.051249218996284193 5.68e-09
814 0.051249218996283999 3.28e-09
815 0.29414667819031948 2.2e-08
816 0.051249218996284165 4.12e-09
817 0.051249218996284054 4.71e-09
818 0.23400567685299289 7.85e-09
819 0.051249218996284131 3.9e-09
820 0.2122322594108399 1.76e-08
821 0.23400567685299442 1.64e-08
822 0.051249218996284159 3.96e-09
823 0.051249218996284263 5.79e-09
824 0.051249218996284068 4.03e-09
825 0.1956521203914765 1.02e-08
826 0.19565212039147778 1.31e-08
827 0.051249218996284138 4.77e-09
828 0.29414667819044021 2.08e-08
829 0.19565212039147734 1.34e-08
830 0.051249218996283985 2.94e-09
831 0.051249218996284145 4.32e-09
832 0.051249218996284152 4.13e-09
833 0.051249218996284041 3.46e-09
834 0.051249218996284034 4.24e-09
835 0.051249218996283999 6.3e-09
836 0.051249218996283992 4.1e-09
837 0.051249218996284047 4.39e-09
838 0.17886733742736216 1.33e-08
839 0.26767860546962713 1.07e-08
840 0.23400567685299195 6.05e-09
841 0.051249218996284152 4.47e-09
842 0.051249218996284054 4.76e-09
843 0.17886733742735828 7.88e-09
844 0.05124921899628429 8.82e-09
845 0.29414667819032037 2.08e-08
846 0.051249218996284082 4.47e-09
847 0.051249218996284027 3.39e-09
848 0.051249218996284103 5.13e-09
849 0.051249218996283992 3.05e-09
850 0.051249218996283964 2.95e-09
851 0.23400567685299298 7.94e-09
852 0.051249218996284068 5.45e-09
853 0.051249218996284131 4.59e-09
854 0.051249218996284131 4.51e-09
855 0.051249218996283978 3.26e-09
856 0.23400567685299253 8.92e-09
857 0.051249218996284443 1.23e-08
858 0.23400567685299267 9.28e-09
859 0.23400567685299334 1.26e-08
860 0.051249218996284013 3.11e-09
861 0.051249218996284082 6.09e-09
862 0.051249218996284332 6.02e-09
863 0.051249218996284381 5.94e-09
864 0.051249218996284138 4.24e-09
865 0.051249218996283999 3.06e-09
866 0.051249218996284339 5.05e-09
867 0.19565212039147611 5.1e-09
868 0.051249218996284172 4.54e-09
869 0.051249218996284283 4.92e-09
870 0.05124921899628427 6.86e-09
871 0.051249218996284318 4.85e-09
872 0.19565212039147753 1.04e-08
873 0.23400567685299242 1.83e-08
874 0.051249218996284179 5.96e-09
875 0.051249218996284332 6.2e-09
876 0.23400567685299228 7.79e-09
877 0.051249218996284027 3.29e-09
878 0.23400567685299234 7.72e-09
879 0.051249218996284401 8.02e-09
880 0.051249218996284117 4.53e-09
881 0.2340056768529922 8.84e-09
882 0.051249218996284041 9.21e-09
883 0.051249218996284061 3.87e-09
884 0.051249218996284068 3.45e-09
885 0.23400567685299251 9.8e-09
886 0.051249218996283978 3.57e-09
887 0.051249218996284214 4.45e-09
888 0.051249218996284013 6.37e-09
889 0.051249218996283936 3.75e-09
890 0.17886733742736471 1.42e-08
891 0.051249218996284054 3.84e-09
892 0.051249218996284124 4.1e-09
893 0.19565212039147681 7.08e-09
894 0.051249218996284325 8.21e-09
895 0.051249218996283978 3.26e-09
896 0.051249218996284082 3.71e-09
897 0.051249218996284124 7.18e-09
898 0.19565212039147722 8.87e-09
899 0.17886733742735852 7.08e-09
900 0.26194870771428141 2.12e-08
901 0.19565212039147625 6.43e-09
902 0.051249218996283978 3.08e-09
903 0.051249218996284124 4.23e-09
904 0.051249218996284041 4.62e-09
905 0.051249218996284138 3.95e-09
906 0.051249218996284263 4.9e-09
907 0.17886733742735864 7.74e-09
908 0.051249218996284006 2.93e-09
909 0.05124921899628411 5.26e-09
910 0.19565212039147697 1.48e-08
911 0.40937858963105517 2.01e-08
912 0.051249218996284263 5.88e-09
913 0.051249218996284207 4.42e-09
914 0.051249218996284131 4.33e-09
915 0.23400567685299267 8.84e-09
916 0.051249218996284041 3.28e-09
917 0.277132093776709 8.2e-09
918 0.051249218996284027 3.18e-09
919 0.19565212039147642 9.34e-09
920 0.19565212039147661 1.25e-08
921 0.17886733742735825 7.92e-09
922 0.21223225941083393 6.85e-09
923 0.051249218996284145 3.95e-09
924 0.17886733742735939 8.93e-09
925 0.051249218996284068 3.89e-09
926 0.23400567685299442 2.34e-08
927 0.051249218996284145 4.25e-09
928 0.051249218996284075 5.15e-09
929 0.05124921899628411 7.69e-09
930 0.23400567685299459 1.09e-08
931 0.19565212039147775 1.18e-08
932 0.051249218996284041 3.84e-09
933 0.051249218996284103 3.96e-09
934 0.051249218996284138 6.38e-09
935 0.051249218996284152 4.85e-09
936 0.051249218996284027 3.28e-09
937 0.051249218996283992 8.63e-09
938 0.051249218996284276 5.49e-09
939 0.19565212039147706 8.02e-09
940 0.05124921899628411 3.78e-09
941 0.051249218996283923 2.47e-09
942 0.051249218996284075 3.58e-09
943 0.051249218996284172 4.27e-09
944 0.051249218996284013 3.4e-09
945 0.051249218996284089 5.28e-09
946 0.34159213938512067 1.93e-08
947 0.051249218996284159 4.73e-09
948 0.23400567685299395 9.72e-09
949 0.051249218996284068 7.92e-09
950 0.051249218996284027 4.47e-09
951 0.23400567685299312 8.34e-09
952 0.2340056768529932 8.33e-09
953 0.051249218996284096 4.77e-09
954 0.051249218996284138 7.24e-09
955 0.051249218996284047 3.84e-09
956 0.23400567685299456 1.08e-08
957 0.051249218996284006 3.24e-09
958 0.19565212039147753 1.05e-08
959 0.051249218996284138 3.9e-09
960 0.05124921899628429 4.71e-09
961 0.051249218996284242 4.9e-09
962 0.051249218996284075 4.51e-09
963 0.051249218996284068 3.54e-09
964 0.051249218996284311 4.84e-09
965 0.051249218996284075 5.73e-09
966 0.19565212039147661 8.59e-09
967 0.19565212039147661 8.57e-09
968 0.051249218996284436 5.8e-09
969 0.051249218996284075 3.9e-09
970 0.051249218996284186 6.02e-09
971 0.19565212039147617 3.7e-09
972 0.051249218996284117 3.87e-09
973 0.051249218996284179 5.65e-09
974 0.05124921899628393 3.07e-09
975 0.2340056768529922 1.52e-08
976 0.051249218996284124 3.78e-09
977 0.19565212039147764 1.06e-08
978 0.051249218996283992 3.1e-09
979 0.051249218996284193 1.1e-08
980 0.19565212039147731 1.98e-08
981 0.051249218996284228 5.93e-09
982 0.051249218996284325 5.88e-09
983 0.17886733742736305 1.78e-08
984 0.051249218996284027 3.32e-09
985 0.051249218996284013 5.19e-09
986 0.051249218996284006 3.71e-09
987 0.051249218996284054 3.7e-09
988 0.19565212039147745 1.01e-08
989 0.23400567685299295 7.65e-09
990 0.051249218996284013 3.87e-09
991 0.2340056768529937 1.31e-08
992 0.21223225941083826 1.08e-08
993 0.051249218996284054 3.49e-09
994 0.051249218996283999 3.12e-09
995 0.051249218996284027 3.6e-09
996 0.2340056768529917 8.47e-09
997 0.17886733742735811 7.63e-09
998 0.05124921899628402 3.5e-09
999 0.051249218996283902 2.49e-09
1000 0.1956521203914765 9.86e-09
1001 0.051249218996284179 5.99e-09
1002 0.051249218996284047 3.67e-09
1003 0.19565212039147747 9.15e-09
1004 0.051249218996284034 3.33e-09
1005 0.05124921899628427 5e-09
1006 0.051249218996284089 4.04e-09
1007 0.051249218996284165 5.19e-09
1008 0.051249218996284027 3.66e-09
1009 0.051249218996283971 2.82e-09
1010 0.17886733742735983 1.24e-08
1011 0.051249218996284054 3.46e-09
1012 0.051249218996284089 3.84e-09
1013 0.23400567685299284 7.76e-09
1014 0.23400567685299342 1.24e-08
1015 0.17886733742736571 1.65e-08
1016 0.19565212039147686 8.67e-09
1017 0.05124921899628411 3.78e-09
1018 0.051249218996284297 6.68e-09
1019 0.051249218996283943 3.03e-09
1020 0.23400567685299256 8.36e-09
1021 0.26194870771427775 1.18e-08
1022 0.1956521203914767 6.7e-09
1023 0.051249218996284214 4.74e-09
1024 0.19565212039147686 7.52e-09
1025 0.051249218996284027 3.31e-09
1026 0.051249218996284047 3.73e-09
1027 0.051249218996283971 6.98e-09
1028 0.19565212039147689 1.56e-08
1029 0.23400567685299226 7.18e-09
1030 0.1788673374273573 3.69e-09
1031 0.051249218996284249 4.56e-09
1032 0.051249218996283985 3.16e-09
1033 0.051249218996284096 7.59e-09
1034 0.051249218996284339 5.36e-09
1035 0.051249218996284027 3.66e-09
1036 0.17886733742735864 9.89e-09
1037 0.26194870771427636 8.2e-09
1038 0.1956521203914765 6.84e-09
1039 0.26194870771428053 1.18e-08
1040 0.05124921899628411 3.96e-09
1041 0.1956521203914767 7.99e-09
1042 0.051249218996283971 4.77e-09
1043 0.051249218996284276 5.09e-09
1044 0.19565212039147689 1.95e-08
1045 0.051249218996284138 5.19e-09
1046 0.051249218996284138 5.28e-09
1047 0.051249218996284457 6.62e-09
1048 0.23400567685299234 7.78e-09
1049 0.051249218996283936 4.5e-09
1050 0.051249218996284117 3.99e-09
1051 0.051249218996284061 3.65e-09
1052 0.17886733742735944 9.88e-09
1053 0.19565212039147786 1.04e-08
1054 0.27713209377671044 1.44e-08
1055 0.051249218996284054 3.61e-09
1056 0.19565212039147706 8.06e-09
1057 0.051249218996284054 5.27e-09
1058 0.051249218996284068 4.12e-09
1059 0.23400567685299237 9.01e-09
1060 0.051249218996284242 5.29e-09
1061 0.23400567685299545 1.27e-08
1062 0.051249218996283971 2.9e-09
1063 0.051249218996284138 3.94e-09
1064 0.29414667819039492 1.92e-08
1065 0.051249218996284103 3.75e-09
1066 0.051249218996284283 6.54e-09
1067 0.051249218996284131 8.7e-09
1068 0.051249218996284054 3.77e-09
1069 0.19565212039147734 9.66e-09
1070 0.051249218996284165 5.45e-09
1071 0.051249218996284068 4.23e-09
1072 0.051249218996283943 3.33e-09
1073 0.051249218996284193 4.28e-09
1074 0.23400567685299176 8.28e-09
1075 0.051249218996283978 4.57e-09
1076 0.051249218996284117 7.13e-09
1077 0.05124921899628429 6.95e-09
1078 0.051249218996284214 4.44e-09
1079 0.051249218996284041 4.16e-09
1080 0.051249218996283992 3.09e-09
1081 0.05124921899628402 3.16e-09
1082 0.051249218996283909 2.22e-09
1083 0.051249218996284041 3.52e-09
1084 0.23400567685299387 1.25e-08
1085 0.051249218996283895 2.23e-09
1086 0.051249218996284027 3.47e-09
1087 0.17886733742735869 7.68e-09
1088 0.051249218996284075 4.31e-09
1089 0.19565212039147697 7.69e-09
1090 0.05124921899628411 4.16e-09
1091 0.23400567685299201 5.82e-09
1092 0.23400567685299176 5.33e-09
1093 0.051249218996284172 6.93e-09
1094 0.051249218996284054 3.36e-09
1095 0.051249218996283964 2.73e-09
1096 0.051249218996283978 6.19e-09
1097 0.1956521203914767 8.27e-09
1098 0.051249218996284027 4.54e-09
1099 0.05124921899628411 3.67e-09
1100 0.051249218996284027 3.26e-09
1101 0.19565212039147689 1.03e-08
1102 0.19565212039147653 7.13e-09
1103 0.051249218996284034 3.44e-09
1104 0.051249218996284041 3.4e-09
1105 0.051249218996284207 4.36e-09
1106 0.051249218996284047 4.11e-09
1107 0.051249218996284131 3.98e-09
1108 0.23400567685299203 6.16e-09
1109 0.051249218996284138 4.37e-09
1110 0.05124921899628386 1.68e-09
1111 0.23400567685299323 8.76e-09
1112 0.051249218996284103 3.89e-09
1113 0.051249218996283923 2.37e-09
1114 0.051249218996284242 5.86e-09
1115 0.051249218996284159 4.3e-09
1116 0.051249218996283999 3.25e-09
1117 0.051249218996284152 4.22e-09
1118 0.051249218996284034 3.5e-09
1119 0.051249218996284034 3.4e-09
1120 0.23400567685299364 9.15e-09
1121 0.051249218996283999 3.72e-09
1122 0.23400567685299245 6.65e-09
1123 0.17886733742735977 9.56e-09
1124 0.19565212039147667 6.65e-09
1125 0.051249218996284179 9.04e-09
1126 0.051249218996284228 4.86e-09
1127 0.051249218996284027 3.23e-09
1128 0.051249218996284138 3.95e-09
1129 0.19565212039147625 5.01e-09
1130 0.051249218996284249 4.59e-09
1131 0.051249218996284082 3.67e-09
1132 0.2619487077142772 7.96e-09
1133 0.23400567685299292 8.91e-09
1134 0.051249218996284221 7.25e-09
1135 0.051249218996284138 4.58e-09
1136 0.051249218996284214 6.33e-09
1137 0.051249218996284249 4.86e-09
1138 0.26767860546962369 1.13e-08
1139 0.051249218996284159 9.33e-09
1140 0.051249218996284159 3.99e-09
1141 0.051249218996284041 3.91e-09
1142 0.051249218996284034 3.81e-09
1143 0.051249218996284145 4.25e-09
1144 0.051249218996284131 4.67e-09
1145 0.17886733742735905 8.39e-09
1146 0.051249218996284297 5.93e-09
1147 0.051249218996284131 4.06e-09
1148 0.051249218996284089 8.09e-09
1149 0.051249218996284235 4.44e-09
1150 0.051249218996284138 9.01e-09
1151 0.051249218996284041 3.4e-09
1152 0.05124921899628411 3.78e-09
1153 0.19565212039147684 1.01e-08
1154 0.23400567685299217 6.79e-09
1155 0.051249218996284165 5.24e-09
1156 0.051249218996284061 3.53e-09
1157 0.051249218996284061 3.95e-09
1158 0.051249218996283936 2.52e-09
1159 0.26194870771427903 1.03e-08
1160 0.051249218996284242 4.54e-09
1161 0.051249218996284263 1.04e-08
1162 0.051249218996284082 3.7e-09
1163 0.051249218996284124 4.88e-09
1164 0.051249218996284082 3.65e-09
1165 0.051249218996284027 3.17e-09
1166 0.0512492189962842 5.09e-09
1167 0.051249218996284193 4.47e-09
1168 0.051249218996284131 3.86e-09
1169 0.051249218996284159 5.73e-09
1170 0.051249218996284228 4.49e-09
1171 0.0512492189962842 4.68e-09
1172 0.051249218996284061 6.78e-09
1173 0.051249218996284755 1e-08
1174 0.0512492189962842 6.52e-09
1175 0.051249218996284068 3.75e-09
1176 0.17886733742735877 7.45e-09
1177 0.051249218996284276 9.65e-09
1178 0.051249218996283943 3.02e-09
1179 0.05124921899628411 5.55e-09
1180 0.27713209377670917 7.77e-09
1181 0.051249218996284117 5.2e-09
1182 0.051249218996284047 3.54e-09
1183 0.23400567685299314 8.59e-09
1184 0.051249218996284131 6e-09
1185 0.051249218996284061 3.41e-09
1186 0.051249218996284276 6.16e-09
1187 0.051249218996284179 5.61e-09
1188 0.05124921899628402 4.04e-09
1189 0.17886733742735886 7.94e-09
1190 0.19565212039147722 9.49e-09
1191 0.051249218996283992 2.9e-09
1192 0.17886733742735805 9.14e-09
1193 0.23400567685299292 8.28e-09
1194 0.05124921899628393 2.98e-09
1195 0.2340056768529922 7.49e-09
1196 0.051249218996284346 7.42e-09
1197 0.051249218996283957 2.79e-09
1198 0.051249218996284117 3.82e-09
1199 0.19565212039147734 8.74e-09
1200 0.051249218996284075 3.68e-09
1201 0.19565212039147709 8.04e-09
1202 0.051249218996284103 6.3e-09
1203 0.1956521203914775 1.48e-08
1204 0.051249218996283971 3e-09
1205 0.051249218996284138 4.37e-09
1206 0.051249218996284096 4.11e-09
1207 0.051249218996284082 4.15e-09
1208 0.051249218996284172 4.74e-09
1209 0.19565212039147781 1.94e-08
1210 0.051249218996283916 4.41e-09
1211 0.051249218996284047 3.45e-09
1212 0.05124921899628411 3.75e-09
1213 0.051249218996284117 3.9e-09
1214 0.27713209377670944 9.23e-09
1215 0.051249218996284283 6.13e-09
1216 0.051249218996284256 6.28e-09
1217 0.19565212039147778 9.96e-09
1218 0.051249218996284006 3.06e-09
1219 0.19565212039147648 7.86e-09
1220 0.051249218996284061 3.4e-09
1221 0.051249218996284013 3.04e-09
1222 0.29414667819037393 2.15e-08
1223 0.17886733742736358 1.25e-08
1224 0.05124921899628393 2.63e-09
1225 0.051249218996284214 4.77e-09
1226 0.051249218996283895 2.01e-09
1227 0.051249218996284131 4.47e-09
1228 0.1788673374273613 1.4e-08
1229 0.051249218996284041 3.55e-09
1230 0.051249218996283992 7.86e-09
1231 0.051249218996284096 3.69e-09
1232 0.051249218996284394 5.6e-09
1233 0.05124921899628395 3.11e-09
1234 0.051249218996284221 4.41e-09
1235 0.051249218996284138 5.52e-09
1236 0.23400567685299206 9.07e-09
1237 0.05124921899628395 2.62e-09
1238 0.051249218996284075 4.28e-09
1239 0.051249218996284061 3.76e-09
1240 0.17886733742736124 2.04e-08
1241 0.051249218996284561 6.8e-09
1242 0.051249218996284346 5.1e-09
1243 0.051249218996284013 3.29e-09
1244 0.051249218996283902 2.17e-09
1245 0.051249218996284353 5.87e-09
1246 0.051249218996284068 3.8e-09
1247 0.19565212039147706 9.83e-09
1248 0.051249218996284061 3.93e-09
1249 0.051249218996284124 4.06e-09
1250 0.051249218996284096 5.81e-09
1251 0.051249218996284089 3.82e-09
1252 0.051249218996284006 5.92e-09
1253 0.051249218996284082 4.67e-09
1254 0.23400567685299362 1.17e-08
1255 0.051249218996284332 7.84e-09
1256 0.051249218996284041 3.44e-09
1257 0.051249218996283992 3.13e-09
1258 0.051249218996284283 6.48e-09
1259 0.051249218996284214 6.79e-09
1260 0.19565212039147695 7.58e-09
1261 0.23400567685299314 1.13e-08
1262 0.19565212039147681 8.53e-09
1263 0.19565212039147753 1.05e-08
1264 0.05124921899628395 2.92e-09
1265 0.051249218996284249 4.53e-09
1266 0.051249218996284256 4.96e-09
1267 0.051249218996284096 3.63e-09
1268 0.23400567685299287 7.5e-09
1269 0.051249218996284041 3.29e-09
1270 0.05124921899628411 3.82e-09
1271 0.051249218996284041 3.69e-09
1272 0.05124921899628427 5.28e-09
1273 0.2619487077142767 8.64e-09
1274 0.051249218996283895 2.11e-09
1275 0.051249218996284061 4.05e-09
1276 0.23400567685299312 9.23e-09
1277 0.051249218996284318 5.49e-09
1278 0.17886733742736005 1.05e-08
1279 0.051249218996284152 4.33e-09
1280 0.051249218996284124 6.23e-09
1281 0.23400567685299342 9.98e-09
1282 0.051249218996284152 5.76e-09
1283 0.051249218996283985 2.98e-09
1284 0.23400567685299217 6.52e-09
1285 0.051249218996284068 3.56e-09
1286 0.051249218996283985 2.93e-09
1287 0.051249218996284082 3.5e-09
1288 0.051249218996284207 4.72e-09
1289 0.051249218996283971 5.25e-09
1290 0.23400567685299434 1.07e-08
1291 0.051249218996284221 4.4e-09
1292 0.051249218996284145 4.04e-09
1293 0.051249218996284082 3.64e-09
1294 0.051249218996284089 7.66e-09
1295 0.051249218996284061 3.62e-09
1296 0.26194870771428069 1.19e-08
1297 0.051249218996284034 4.57e-09
1298 0.051249218996284061 3.95e-09
1299 0.23400567685299623 1.34e-08
1300 0.051249218996283964 4.31e-09
1301 0.27713209377671061 1.45e-08
1302 0.051249218996284145 4.14e-09
1303 0.051249218996284068 3.51e-09
1304 0.051249218996284047 3.4e-09
1305 0.051249218996283999 3.68e-09
1306 0.051249218996284242 4.59e-09
1307 0.2619487077142853 1.47e-08
1308 0.19565212039147775 1.09e-08
1309 0.17886733742736965 1.97e-08
1310 0.051249218996284075 4.11e-09
1311 0.05124921899628393 2.35e-09
1312 0.051249218996284006 3.17e-09
1313 0.051249218996284027 5.03e-09
1314 0.23400567685299251 9.57e-09
1315 0.051249218996284207 4.67e-09
1316 0.051249218996284235 4.84e-09
1317 0.051249218996284526 1.37e-08
1318 0.051249218996284152 5.93e-09
1319 0.051249218996284054 3.35e-09
1320 0.051249218996284041 3.63e-09
1321 0.051249218996284068 3.62e-09
1322 0.051249218996284249 4.98e-09
1323 0.051249218996283992 4.03e-09
1324 0.2340056768529937 9.19e-09
1325 0.23400567685299256 8.68e-09
1326 0.19565212039147653 7.27e-09
1327 0.21223225941083765 1.16e-08
1328 0.051249218996284221 6.35e-09
1329 0.051249218996284068 4.13e-09
1330 0.051249218996284075 3.52e-09
1331 0.051249218996284006 9.32e-09
1332 0.051249218996284283 6.79e-09
1333 0.051249218996284089 3.97e-09
1334 0.23400567685299287 9.57e-09
1335 0.051249218996284152 4.98e-09
1336 0.05124921899628411 4.24e-09
1337 0.051249218996283999 3.11e-09
1338 0.051249218996284415 8.23e-09
1339 0.051249218996284214 4.63e-09
1340 0.1788673374273618 1.23e-08
1341 0.051249218996284103 3.81e-09
1342 0.05124921899628411 3.72e-09
1343 0.23400567685299206 8.33e-09
1344 0.19565212039147664 6.74e-09
1345 0.19565212039147623 8.59e-09
1346 0.051249218996283964 3.61e-09
1347 0.051249218996284256 6.12e-09
1348 0.051249218996284339 5.39e-09
1349 0.19565212039147628 5.59e-09
1350 0.051249218996284103 4.95e-09
1351 0.051249218996284165 4.09e-09
1352 0.051249218996284152 5.27e-09
1353 0.27713209377670922 8.32e-09
1354 0.051249218996283978 3.48e-09
1355 0.1788673374273643 1.82e-08
1356 0.051249218996284159 5e-09
1357 0.17886733742736199 1.24e-08
1358 0.1956521203914775 9.32e-09
1359 0.051249218996284242 4.71e-09
1360 0.19565212039147661 1.11e-08
1361 0.051249218996284124 4.18e-09
1362 0.051249218996283978 3.09e-09
1363 0.051249218996284041 5.52e-09
1364 0.05124921899628411 3.88e-09
1365 0.051249218996284207 8.55e-09
1366 0.23400567685299342 1.72e-08
1367 0.23400567685299264 1.23e-08
1368 0.051249218996284346 5.08e-09
1369 0.051249218996283936 3e-09
1370 0.051249218996284117 3.9e-09
1371 0.29414667819033374 3.05e-08
1372 0.051249218996283936 2.64e-09
1373 0.27713209377670972 2.31e-08
1374 0.051249218996284159 4.11e-09
1375 0.23400567685299198 4.96e-09
1376 0.051249218996284041 3.76e-09
1377 0.051249218996284346 5.23e-09
1378 0.051249218996284138 4.81e-09
1379 0.051249218996284152 4.97e-09
1380 0.051249218996283957 2.65e-09
1381 0.051249218996284346 5.48e-09
1382 0.051249218996284124 4e-09
1383 0.051249218996284068 3.56e-09
1384 0.051249218996284172 4.55e-09
1385 0.051249218996284159 6.11e-09
1386 0.19565212039147636 6.12e-09
1387 0.1956521203914777 1.15e-08
1388 0.051249218996284047 3.74e-09
1389 0.051249218996283999 3.4e-09
1390 0.051249218996284013 3.89e-09
1391 0.19565212039147745 1.21e-08
1392 0.051249218996284041 3.58e-09
1393 0.051249218996284131 3.98e-09
1394 0.051249218996284027 3.26e-09
1395 0.17886733742735983 1.13e-08
1396 0.051249218996284485 8.74e-09
1397 0.1956521203914762 5.06e-09
1398 0.23400567685299353 1.18e-08
1399 0.05124921899628395 2.62e-09
1400 0.23400567685299223 1.6e-08
1401 0.05124921899628429 4.83e-09
1402 0.051249218996284027 3.23e-09
1403 0.051249218996284006 3.6e-09
1404 0.05124921899628411 3.72e-09
1405 0.051249218996284082 3.59e-09
1406 0.23400567685299287 9.83e-09
1407 0.051249218996283895 2.16e-09
1408 0.05124921899628395 2.7e-09
1409 0.051249218996284186 4.54e-09
1410 0.051249218996284089 6.58e-09
1411 0.27713209377670944 1.26e-08
1412 0.051249218996283985 4.4e-09
1413 0.19565212039147642 5.41e-09
1414 0.051249218996284034 3.29e-09
1415 0.23400567685299323 1.17e-08
1416 0.051249218996284089 3.62e-09
1417 0.051249218996283992 3.11e-09
1418 0.19565212039147661 7.19e-09
1419 0.23400567685299181 4.84e-09
1420 0.23400567685299362 9.69e-09
1421 0.21223225941084048 2.05e-08
1422 0.051249218996284179 4.41e-09
1423 0.23400567685299239 1.2e-08
1424 0.051249218996284054 3.65e-09
1425 0.23400567685299234 1.74e-08
1426 0.051249218996284047 3.92e-09
1427 0.051249218996284013 3.64e-09
1428 0.051249218996284145 8.42e-09
1429 0.051249218996284089 3.69e-09
1430 0.05124921899628395 2.9e-09
1431 0.1956521203914772 9.49e-09
1432 0.051249218996284103 4.04e-09
1433 0.051249218996284138 6.31e-09
1434 0.051249218996284075 9.04e-09
1435 0.23400567685299234 7.88e-09
1436 0.051249218996284013 5.01e-09
1437 0.051249218996284221 4.44e-09
1438 0.23400567685299273 8.97e-09
1439 0.051249218996284283 5.63e-09
1440 0.2340056768529927 7.78e-09
1441 0.051249218996284082 6.99e-09
1442 0.051249218996284006 5.15e-09
1443 0.23400567685299317 1.06e-08
1444 0.26767860546962158 1.25e-08
1445 0.051249218996284082 1.11e-08
1446 0.23400567685299217 7.88e-09
1447 0.051249218996284165 4.57e-09
1448 0.051249218996284061 3.46e-09
1449 0.051249218996283964 2.88e-09
1450 0.051249218996284138 4.37e-09
1451 0.05124921899628429 7.56e-09
1452 0.05124921899628429 7.95e-09
1453 0.051249218996284145 4.1e-09
1454 0.051249218996284013 3.39e-09
1455 0.19565212039147761 1.54e-08
1456 0.2340056768529935 1.2e-08
1457 0.051249218996284054 3.37e-09
1458 0.051249218996284297 5.22e-09
1459 0.17886733742736627 2.76e-08
1460 0.051249218996284047 3.3e-09
1461 0.051249218996284145 4e-09
1462 0.23400567685299292 1.06e-08
1463 0.05124921899628445 5.71e-09
1464 0.051249218996284096 3.68e-09
1465 0.19565212039147684 8.23e-09
1466 0.051249218996284054 3.44e-09
1467 0.19565212039147759 1.67e-08
1468 0.051249218996284193 7.2e-09
1469 0.23400567685299414 1.2e-08
1470 0.051249218996283957 2.59e-09
1471 0.051249218996283971 2.97e-09
1472 0.051249218996284068 3.76e-09
1473 0.19565212039147717 9.48e-09
1474 0.051249218996284172 5.98e-09
1475 0.19565212039147734 8.65e-09
1476 0.051249218996284027 3.87e-09
1477 0.051249218996284547 6.29e-09
1478 0.19565212039147753 9.38e-09
1479 0.051249218996284124 3.93e-09
1480 0.051249218996284249 4.67e-09
1481 0.051249218996284207 4.31e-09
1482 0.2340056768529932 8.38e-09
1483 0.051249218996284221 8.32e-09
1484 0.051249218996284061 3.51e-09
1485 0.051249218996284082 3.57e-09
1486 0.051249218996283985 3.13e-09
1487 0.051249218996284041 3.73e-09
1488 0.051249218996284214 5.16e-09
1489 0.051249218996283971 2.79e-09
1490 0.21223225941083596 1.03e-08
1491 0.051249218996284138 5.27e-09
1492 0.051249218996284041 3.39e-09
1493 0.051249218996284103 8.25e-09
1494 0.051249218996284228 4.52e-09
1495 0.05124921899628411 4.68e-09
1496 0.051249218996284034 3.91e-09
1497 0.051249218996284387 9.21e-09
1498 0.051249218996284228 7.6e-09
1499 0.051249218996284242 4.79e-09
1500 0.26194870771427725 1.11e-08
1501 0.05124921899628411 3.91e-09
1502 0.051249218996284374 5.72e-09
1503 0.051249218996284145 8.2e-09
1504 0.051249218996284068 3.88e-09
1505 0.051249218996284332 6.64e-09
1506 0.051249218996284145 3.96e-09
1507 0.23400567685299356 9.64e-09
1508 0.27713209377671089 1.17e-08
1509 0.051249218996284061 3.48e-09
1510 0.051249218996284207 8.02e-09
1511 0.19565212039147695 8.65e-09
1512 0.051249218996284311 6.97e-09
1513 0.051249218996284047 3.36e-09
1514 0.051249218996283985 6.26e-09
1515 0.051249218996284346 1.03e-08
1516 0.051249218996283957 3.74e-09
1517 0.051249218996283985 3.43e-09
1518 0.051249218996284124 3.84e-09
1519 0.051249218996284075 3.47e-09
1520 0.051249218996284027 9.32e-09
1521 0.051249218996284145 3.9e-09
1522 0.051249218996283923 2.4e-09
1523 0.051249218996284013 6.29e-09
1524 0.05124921899628429 6.82e-09
1525 0.1956521203914775 1.01e-08
1526 0.051249218996284027 5.77e-09
1527 0.051249218996284041 5.76e-09
1528 0.051249218996284061 8.73e-09
1529 0.051249218996284054 6.1e-09
1530 0.051249218996284103 7.99e-09
1531 0.051249218996284152 4.55e-09
1532 0.051249218996284041 3.53e-09
1533 0.23400567685299389 1.19e-08
1534 0.051249218996284027 3.21e-09
1535 0.23400567685299251 1.31e-08
1536 0.051249218996284089 3.69e-09
1537 0.17886733742735872 1.31e-08
1538 0.051249218996284027 3.64e-09
1539 0.05124921899628411 4.02e-09
1540 0.051249218996283923 2.53e-09
1541 0.051249218996284082 3.71e-09
1542 0.19565212039147636 8.05e-09
1543 0.051249218996284387 9.15e-09
1544 0.051249218996284145 4.82e-09
1545 0.17886733742735983 9.97e-09
1546 0.23400567685299384 9.89e-09
1547 0.23400567685299306 8.6e-09
1548 0.23400567685299176 4.03e-09
1549 0.23400567685299242 1.12e-08
1550 0.051249218996284179 5.61e-09
1551 0.051249218996284082 3.63e-09
1552 0.051249218996284131 5.94e-09
1553 0.051249218996284131 4.06e-09
1554 0.051249218996284124 3.95e-09
1555 0.051249218996283999 2.98e-09
1556 0.19565212039147759 1.14e-08
1557 0.051249218996284394 1.04e-08
1558 0.19565212039147753 9.23e-09
1559 0.051249218996284103 8.8e-09
1560 0.051249218996284117 4.05e-09
1561 0.051249218996284207 4.51e-09
1562 0.051249218996284159 4.47e-09
1563 0.051249218996283916 2.34e-09
1564 0.051249218996284068 3.46e-09
1565 0.051249218996284075 3.51e-09
1566 0.0512492189962842 7.26e-09
1567 0.051249218996284089 3.99e-09
1568 0.051249218996283999 4.87e-09
1569 0.05124921899628445 6.16e-09
1570 0.051249218996283978 4.54e-09
1571 0.23400567685299348 1.16e-08
1572 0.051249218996284075 3.72e-09
1573 0.23400567685299284 8.31e-09
1574 0.051249218996284228 4.48e-09
1575 0.051249218996284041 3.36e-09
1576 0.21223225941083482 8.04e-09
1577 0.051249218996284159 4.33e-09
1578 0.051249218996283985 2.84e-09
1579 0.051249218996283936 6.4e-09
1580 0.051249218996283936 2.5e-09
1581 0.2340056768529927 1.28e-08
1582 0.23400567685299259 1.05e-08
1583 0.051249218996284172 4.67e-09
1584 0.051249218996284304 5.11e-09
1585 0.29414667819031037 2.8e-08
1586 0.051249218996284006 3.26e-09
1587 0.051249218996284214 6.26e-09
1588 0.051249218996283936 2.88e-09
1589 0.051249218996284082 3.78e-09
1590 0.051249218996284034 3.34e-09
1591 0.051249218996284256 4.97e-09
1592 0.21223225941083659 9.31e-09
1593 0.051249218996283909 4.15e-09
1594 0.23400567685299262 8.98e-09
1595 0.05124921899628402 3.08e-09
1596 0.23400567685299453 1.07e-08
1597 0.051249218996284034 3.47e-09
1598 0.051249218996284249 5.54e-09
1599 0.051249218996284089 7.33e-09
1600 0.17886733742735822 6.29e-09
1601 0.23400567685299234 7.41e-09
1602 0.051249218996284082 4.74e-09
1603 0.23400567685299239 1.23e-08
1604 0.051249218996284283 4.73e-09
1605 0.17886733742735933 1.19e-08
1606 0.23400567685299256 1.27e-08
1607 0.051249218996283992 3.15e-09
1608 0.051249218996283992 3.32e-09
1609 0.051249218996284013 3.28e-09
1610 0.051249218996283957 2.89e-09
1611 0.23400567685299389 9.74e-09
1612 0.051249218996283999 7.93e-09
1613 0.051249218996284117 4.03e-09
1614 0.051249218996284068 3.48e-09
1615 0.19565212039147692 8.09e-09
1616 0.051249218996284061 3.45e-09
1617 0.23400567685299253 1.21e-08
1618 0.051249218996284172 4.08e-09
1619 0.051249218996283881 1.74e-09
1620 0.051249218996284381 8.6e-09
1621 0.051249218996284027 3.45e-09
1622 0.051249218996283909 2.5e-09
1623 0.051249218996284304 5.01e-09
1624 0.051249218996284006 3.5e-09
1625 0.051249218996283999 3.01e-09
1626 0.051249218996284325 6.09e-09
1627 0.051249218996283943 2.72e-09
1628 0.051249218996284207 4.31e-09
1629 0.23400567685299306 1.08e-08
1630 0.051249218996284103 4.55e-09
1631 0.051249218996284054 3.4e-09
1632 0.23400567685299339 8.72e-09
1633 0.051249218996284054 4.64e-09
1634 0.051249218996283943 2.68e-09
1635 0.051249218996284214 4.79e-09
1636 0.051249218996283923 2.44e-09
1637 0.051249218996284131 4.18e-09
1638 0.051249218996283971 2.91e-09
1639 0.19565212039147692 7.28e-09
1640 0.051249218996283964 2.96e-09
1641 0.051249218996283971 2.89e-09
1642 0.051249218996284172 4.49e-09
1643 0.26194870771428169 1.44e-08
1644 0.19565212039147661 6.5e-09
1645 0.23400567685299195 6.08e-09
1646 0.051249218996284068 4.19e-09
1647 0.051249218996284075 3.92e-09
1648 0.051249218996284054 5.84e-09
1649 0.051249218996284589 6.48e-09
1650 0.051249218996284145 5e-09
1651 0.17886733742735991 1.36e-08
1652 0.17886733742736097 1.76e-08
1653 0.051249218996284034 6.4e-09
1654 0.05124921899628436 6.09e-09
1655 0.051249218996284034 3.56e-09
1656 0.05124921899628411 3.81e-09
1657 0.051249218996284186 4.53e-09
1658 0.23400567685299392 1.03e-08
1659 0.051249218996284387 5.37e-09
1660 0.051249218996283923 2.82e-09
1661 0.051249218996284131 7.81e-09
1662 0.051249218996284276 4.99e-09
1663 0.051249218996284138 5.35e-09
1664 0.051249218996284221 4.43e-09
1665 0.051249218996284061 3.68e-09
1666 0.051249218996284124 6.23e-09
1667 0.26194870771428042 1.38e-08
1668 0.051249218996284221 5.14e-09
1669 0.051249218996284117 4.11e-09
1670 0.051249218996284159 7.78e-09
1671 0.051249218996283964 2.77e-09
1672 0.051249218996284027 3.23e-09
1673 0.05124921899628402 3.35e-09
1674 0.051249218996284304 4.83e-09
1675 0.19565212039147653 6.3e-09
1676 0.051249218996283964 2.89e-09
1677 0.051249218996283992 2.94e-09
1678 0.051249218996284179 4.5e-09
1679 0.17886733742735969 9.22e-09
1680 0.051249218996284318 5.04e-09
1681 0.2619487077142833 1.56e-08
1682 0.051249218996284172 4.21e-09
1683 0.051249218996284082 4.21e-09
1684 0.23400567685299237 7.54e-09
1685 0.051249218996283992 3.35e-09
1686 0.05124921899628427 5.86e-09
1687 0.17886733742736119 1.07e-08
1688 0.051249218996284207 4.35e-09
1689 0.051249218996284145 1.04e-08
1690 0.23400567685299259 7.55e-09
1691 0.05124921899628411 5.48e-09
1692 0.051249218996283978 3.05e-09
1693 0.19565212039147681 1.12e-08
1694 0.23400567685299448 1.08e-08
1695 0.051249218996284152 6.19e-09
1696 0.19565212039147692 9.71e-09
1697 0.195652120391477 7.69e-09
1698 0.05124921899628411 7.1e-09
1699 0.17886733742735941 1.32e-08
1700 0.051249218996284429 6.06e-09
1701 0.19565212039147775 1.34e-08
1702 0.17886733742736047 1.81e-08
1703 0.051249218996284172 5.54e-09
1704 0.051249218996284027 3.39e-09
1705 0.051249218996284047 3.33e-09
1706 0.05124921899628429 5.19e-09
1707 0.051249218996284207 5.09e-09
1708 0.051249218996284721 8.69e-09
1709 0.051249218996283867 1.81e-09
1710 0.051249218996284082 3.72e-09
1711 0.051249218996284228 4.75e-09
1712 0.23400567685299298 1.05e-08
1713 0.051249218996283985 3.06e-09
1714 0.051249218996284193 4.22e-09
1715 0.051249218996284131 4.36e-09
1716 0.19565212039147686 7.43e-09
1717 0.17886733742736152 1.17e-08
1718 0.051249218996284207 6.64e-09
1719 0.051249218996283964 2.92e-09
1720 0.0512492189962842 5.49e-09
1721 0.23400567685299212 8.15e-09
1722 0.23400567685299251 8.83e-09
1723 0.26767860546962685 1.26e-08
1724 0.051249218996283943 3.07e-09
1725 0.19565212039147781 1.65e-08
1726 0.051249218996284068 4.4e-09
1727 0.17886733742735875 7.43e-09
1728 0.19565212039147681 7.12e-09
1729 0.051249218996283936 4.81e-09
1730 0.051249218996284152 4.03e-09
1731 0.051249218996283923 6.9e-09
1732 0.051249218996283992 3.82e-09
1733 0.051249218996284443 6.15e-09
1734 0.05124921899628411 4.17e-09
1735 0.23400567685299181 5.14e-09
1736 0.051249218996284047 3.3e-09
1737 0.051249218996283881 1.99e-09
1738 0.051249218996284041 4.01e-09
1739 0.051249218996284082 3.6e-09
1740 0.051249218996284117 8.43e-09
1741 0.051249218996284283 7.01e-09
1742 0.23400567685299287 8.31e-09
1743 0.21223225941084106 2.12e-08
1744 0.051249218996284263 1.14e-08
1745 0.051249218996284117 7.02e-09
1746 0.051249218996284165 4.12e-09
1747 0.17886733742735944 9.22e-09
1748 0.051249218996283895 2.23e-09
1749 0.2340056768529927 9.24e-09
1750 0.051249218996284061 3.47e-09
1751 0.05124921899628411 4.29e-09
1752 0.051249218996284082 4.12e-09
1753 0.23400567685299484 1.14e-08
1754 0.051249218996284075 3.79e-09
1755 0.051249218996284131 3.96e-09
1756 0.051249218996284242 5.02e-09
1757 0.051249218996284034 5.47e-09
1758 0.21223225941083473 9.4e-09
1759 0.051249218996283957 2.91e-09
1760 0.051249218996283971 5.21e-09
1761 0.19565212039147714 8.92e-09
1762 0.051249218996284165 4.15e-09
1763 0.23400567685299281 1.16e-08
1764 0.0512492189962842 4.65e-09
1765 0.051249218996283999 2.96e-09
1766 0.23400567685299203 6.25e-09
1767 0.051249218996283978 4.73e-09
1768 0.19565212039147681 9.53e-09
1769 0.051249218996284124 3.81e-09
1770 0.05124921899628411 4.27e-09
1771 0.2340056768529927 9.87e-09
1772 0.19565212039147767 1.02e-08
1773 0.19565212039147628 5.09e-09
1774 0.051249218996284041 3.44e-09
1775 0.051249218996284061 3.62e-09
1776 0.051249218996284041 3.24e-09
1777 0.23400567685299292 1.26e-08
1778 0.23400567685299431 1.29e-08
1779 0.05124921899628395 2.73e-09
1780 0.051249218996283992 3.05e-09
1781 0.1956521203914772 1.2e-08
1782 0.051249218996284103 3.78e-09
1783 0.051249218996284172 4.69e-09
1784 0.19565212039147661 6.41e-09
1785 0.19565212039147645 5.78e-09
1786 0.051249218996284068 3.44e-09
1787 0.051249218996284006 3.08e-09
1788 0.05124921899628395 2.8e-09
1789 0.051249218996284054 3.8e-09
1790 0.051249218996283895 2.32e-09
1791 0.051249218996284117 4.31e-09
1792 0.051249218996284103 3.75e-09
1793 0.051249218996284117 3.88e-09
1794 0.051249218996284401 5.36e-09
1795 0.051249218996284249 4.6e-09
1796 0.051249218996284075 3.65e-09
1797 0.051249218996283964 3.13e-09
1798 0.051249218996284054 3.81e-09
1799 0.17886733742735966 9.43e-09
1800 0.19565212039147639 6.56e-09
1801 0.051249218996284061 5.25e-09
1802 0.051249218996284027 3.86e-09
1803 0.23400567685299201 5.93e-09
1804 0.05124921899628436 5.45e-09
1805 0.051249218996284006 3.13e-09
1806 0.051249218996284152 4.34e-09
1807 0.051249218996284054 5.14e-09
1808 0.051249218996284401 9.4e-09
1809 0.26194870771428008 1.51e-08
1810 0.051249218996283992 3.33e-09
1811 0.051249218996283992 2.89e-09
1812 0.051249218996283964 2.88e-09
1813 0.05124921899628411 3.8e-09
1814 0.051249218996284075 3.87e-09
1815 0.051249218996284165 4.21e-09
1816 0.051249218996284179 6.97e-09
1817 0.051249218996284145 7.49e-09
1818 0.051249218996284346 5.95e-09
1819 0.051249218996284235 4.84e-09
1820 0.051249218996284159 8.28e-09
1821 0.19565212039147736 9.32e-09
1822 0.051249218996284068 3.53e-09
1823 0.051249218996283971 6.36e-09
1824 0.051249218996283992 3.03e-09
1825 0.23400567685299245 7.42e-09
1826 0.19565212039147711 7.94e-09
1827 0.051249218996283985 4.86e-09
1828 0.051249218996284186 4.71e-09
1829 0.051249218996284027 3.39e-09
1830 0.051249218996284041 3.45e-09
1831 0.051249218996284401 7.11e-09
1832 0.051249218996283957 2.84e-09
1833 0.051249218996283985 2.96e-09
1834 0.23400567685299317 1.22e-08
1835 0.051249218996284124 3.81e-09
1836 0.051249218996284165 4.63e-09
1837 0.051249218996284172 4.11e-09
1838 0.17886733742736602 1.68e-08
1839 0.051249218996284138 3.89e-09
1840 0.051249218996284186 4.28e-09
1841 0.17886733742736016 2.3e-08
1842 0.051249218996284103 3.95e-09
1843 0.051249218996284061 4.23e-09
1844 0.051249218996284061 3.46e-09
1845 0.19565212039147764 1.31e-08
1846 0.051249218996284256 4.71e-09
1847 0.051249218996284075 3.74e-09
1848 0.33888848476464839 1.49e-08
1849 0.051249218996284138 4.6e-09
1850 0.1788673374273593 8.95e-09
1851 0.26767860546963113 1.24e-08
1852 0.19565212039147681 6.87e-09
1853 0.051249218996283978 3.1e-09
1854 0.19565212039147731 1.28e-08
1855 0.26194870771428513 1.82e-08
1856 0.19565212039147675 6.88e-09
1857 0.051249218996284179 4.5e-09
1858 0.19565212039147684 8.33e-09
1859 0.051249218996284332 5e-09
1860 0.051249218996284297 6.12e-09
1861 0.051249218996283957 2.71e-09
1862 0.051249218996284478 7.61e-09
1863 0.051249218996284193 1e-08
1864 0.19565212039147711 1.12e-08
1865 0.17886733742736757 3.04e-08
1866 0.051249218996284256 4.91e-09
1867 0.051249218996284165 4.28e-09
1868 0.051249218996283999 3.16e-09
1869 0.051249218996284131 3.9e-09
1870 0.051249218996284159 4.03e-09
1871 0.051249218996284394 5.81e-09
1872 0.051249218996284297 4.78e-09
1873 0.17886733742736266 1.33e-08
1874 0.051249218996284179 4.74e-09
1875 0.051249218996284152 4.15e-09
1876 0.23400567685299337 9.57e-09
1877 0.19565212039147778 9.91e-09
1878 0.17886733742736113 1.19e-08
1879 0.051249218996284054 3.35e-09
1880 0.051249218996284249 4.56e-09
1881 0.21223225941083729 1.14e-08
1882 0.23400567685299276 9.76e-09
1883 0.051249218996284235 5.23e-09
1884 0.051249218996284179 4.37e-09
1885 0.051249218996284249 8.97e-09
1886 0.051249218996283936 4.24e-09
1887 0.051249218996283923 2.34e-09
1888 0.051249218996283971 2.86e-09
1889 0.051249218996284006 3.29e-09
1890 0.051249218996284103 3.7e-09
1891 0.40937858963106533 3.34e-08
1892 0.051249218996284152 4.03e-09
1893 0.19565212039147656 6.76e-09
1894 0.051249218996284117 3.89e-09
1895 0.051249218996284096 3.67e-09
1896 0.051249218996283978 4.55e-09
1897 0.23400567685299356 9.44e-09
1898 0.051249218996284054 4.3e-09
1899 0.051249218996284145 4.47e-09
1900 0.051249218996284381 8.93e-09
1901 0.23400567685299264 1.04e-08
1902 0.23400567685299384 1.03e-08
1903 0.051249218996284006 3.13e-09
1904 0.051249218996284339 5.5e-09
1905 0.051249218996283902 2.22e-09
1906 0.051249218996284034 3.26e-09
1907 0.051249218996284096 3.77e-09
1908 0.051249218996284214 4.78e-09
1909 0.051249218996284172 4.26e-09
1910 0.051249218996284221 4.53e-09
1911 0.051249218996284082 3.76e-09
1912 0.051249218996284103 4.65e-09
1913 0.051249218996284061 3.47e-09
1914 0.19565212039147717 2.13e-08
1915 0.051249218996284186 4.54e-09
1916 0.051249218996284172 8.96e-09
1917 0.051249218996284165 4.4e-09
1918 0.26194870771428047 1.68e-08
1919 0.17886733742735822 6.95e-09
1920 0.21223225941083401 7.16e-09
1921 0.26767860546962796 1.32e-08
1922 0.051249218996284034 3.25e-09
1923 0.051249218996284061 3.43e-09
1924 0.051249218996284047 3.56e-09
1925 0.051249218996283999 2.95e-09
1926 0.051249218996283895 2.83e-09
1927 0.051249218996284214 6.34e-09
1928 0.051249218996284006 3.68e-09
1929 0.051249218996284089 4.92e-09
1930 0.05124921899628402 3.72e-09
1931 0.0512492189962842 4.98e-09
1932 0.05124921899628402 3.26e-09
1933 0.17886733742736244 2.47e-08
1934 0.2941466781904466 3.1e-08
1935 0.23400567685299312 7.94e-09
1936 0.051249218996284068 3.83e-09
1937 0.051249218996284089 4.06e-09
1938 0.051249218996284131 7.18e-09
1939 0.051249218996284346 5.11e-09
1940 0.17886733742736016 1.4e-08
1941 0.051249218996284408 6.11e-09
1942 0.051249218996283978 3.11e-09
1943 0.05124921899628427 7.93e-09
1944 0.051249218996284165 5.62e-09
1945 0.051249218996283985 2.76e-09
1946 0.19565212039147692 7.65e-09
1947 0.19565212039147814 1.18e-08
1948 0.051249218996284145 4.66e-09
1949 0.051249218996284034 3.53e-09
1950 0.17886733742735902 1.02e-08
1951 0.051249218996284346 5.4e-09
1952 0.051249218996284027 3.64e-09
1953 0.051249218996284047 6.23e-09
1954 0.19565212039147797 1.48e-08
1955 0.051249218996284165 4.16e-09
1956 0.23400567685299278 7.67e-09
1957 0.051249218996284041 3.97e-09
1958 0.23400567685299223 7.59e-09
1959 0.051249218996283902 2.62e-09
1960 0.051249218996283957 2.75e-09
1961 0.051249218996284256 4.6e-09
1962 0.051249218996284297 7.54e-09
1963 0.051249218996284263 5.22e-09
1964 0.26194870771428835 1.65e-08
1965 0.23400567685299312 8.21e-09
1966 0.051249218996283943 2.78e-09
1967 0.051249218996284221 6.08e-09
1968 0.051249218996284006 5.37e-09
1969 0.051249218996284117 4.52e-09
1970 0.05124921899628402 3.13e-09
1971 0.05124921899628411 4.24e-09
1972 0.051249218996284332 1.01e-08
1973 0.051249218996284145 4.53e-09
1974 0.051249218996283881 3.03e-09
1975 0.051249218996284096 3.79e-09
1976 0.23400567685299292 7.56e-09
1977 0.051249218996283964 2.91e-09
1978 0.23400567685299212 9.57e-09
1979 0.051249218996284263 5.53e-09
1980 0.051249218996283978 2.9e-09
1981 0.051249218996284214 7.25e-09
1982 0.051249218996284165 4.07e-09
1983 0.05124921899628429 6.21e-09
1984 0.1788673374273598 1.2e-08
1985 0.051249218996284221 4.75e-09
1986 0.051249218996284228 4.45e-09
1987 0.051249218996284061 3.4e-09
1988 0.051249218996284221 6.04e-09
1989 0.051249218996284027 5.14e-09
1990 0.051249218996283992 3e-09
1991 0.051249218996283881 3.64e-09
1992 0.051249218996284006 3.84e-09
1993 0.051249218996283992 3.43e-09
1994 0.051249218996283992 3.2e-09
1995 0.19565212039147864 1.59e-08
1996 0.051249218996284006 3.14e-09
1997 0.051249218996284124 5.38e-09
1998 0.23400567685299234 6.4e-09
1999 0.23400567685299367 1.03e-08
# d=6 k=4 starts=2000 best 0.051249218996283839
