0 0.66666666666666652 8.1e-09
1 0.66666666666666674 1.5e-08
2 0.66666666666666652 6.88e-09
3 0.66666666666666663 1.07e-08
4 0.66666666666666707 2.34e-08
5 0.66666666666666674 9.68e-09
6 0.66666666666666641 4.86e-09
7 0.66666666666666652 5.34e-09
8 0.66666666666666641 1.54e-08
9 0.66666666666666674 1.54e-08
10 0.66666666666666663 1.74e-08
11 0.66666666666666663 1.37e-08
12 0.66666666666666663 7.63e-09
13 0.66666666666666663 2.54e-09
14 0.66666666666666663 2.19e-08
15 0.66666666666666663 8.81e-09
16 0.66666666666666652 7.76e-09
17 0.66666666666666663 1.3e-08
18 0.66666666666666674 9.48e-09
19 0.66666666666666674 1.74e-08
20 0.66666666666666674 1.37e-08
21 0.66666666666666674 1.94e-08
22 0.66666666666666685 1.79e-08
23 0.66666666666666663 9.33e-09
24 0.66666666666666652 8.17e-09
25 0.66666666666666641 2.3e-09
26 0.66666666666666663 6.3e-09
27 0.66666666666666663 1.4e-08
28 0.66666666666666685 1.36e-08
29 0.66666666666666674 1.7e-08
30 0.66666666666666641 1.03e-08
31 0.66666666666666652 6.66e-09
32 0.66666666666666718 3.07e-08
33 0.66666666666666674 8.75e-09
34 0.66666666666666663 8.72e-09
35 0.66666666666666652 1.65e-08
36 0.66666666666666674 1.54e-08
37 0.66666666666666663 7.98e-09
38 0.66666666666666674 1.2e-08
39 0.66666666666666663 1.48e-08
40 0.66666666666666663 1.13e-08
41 0.66666666666666652 1.07e-08
42 0.66666666666666652 3.14e-09
43 0.66666666666666663 1.59e-08
44 0.66666666666666674 8.83e-09
45 0.66666666666666641 2.82e-09
46 0.66666666666666674 1.64e-08
47 0.66666666666666652 2.42e-09
48 0.66666666666666663 4.54e-09
49 0.66666666666666685 2.49e-08
50 0.66666666666666674 2.43e-08
51 0.66666666666666652 7.34e-09
52 0.66666666666666652 8.56e-09
53 0.66666666666666663 1.1e-08
54 0.66666666666666685 2e-08
55 0.66666666666666641 6.67e-09
56 0.66666666666666674 1.54e-08
57 0.66666666666666674 1.23e-08
58 0.66666666666666674 1.23e-08
59 0.66666666666666641 6.55e-09
60 0.66666666666666674 1.93e-08
61 0.66666666666666652 7.15e-09
62 0.66666666666666652 5.62e-09
63 0.66666666666666663 8.76e-09
64 0.66666666666666685 1.44e-08
65 0.66666666666666663 1.47e-08
66 0.66666666666666663 1.23e-08
67 0.66666666666666663 9.62e-09
68 0.66666666666666652 6.15e-09
69 0.66666666666666674 1.66e-08
70 0.66666666666666674 1.79e-08
71 0.66666666666666652 1.15e-08
72 0.66666666666666674 1.58e-08
73 0.66666666666666674 1.75e-08
74 0.66666666666666674 3.39e-08
75 0.66666666666666663 1.08e-08
76 0.66666666666666674 1.06e-08
77 0.66666666666666674 1.17e-08
78 0.66666666666666674 1.69e-08
79 0.66666666666666663 7.03e-09
80 0.66666666666666674 8.12e-09
81 0.66666666666666663 1.96e-08
82 0.66666666666666663 1.06e-08
83 0.66666666666666674 1.5e-08
84 0.66666666666666674 8.1e-09
85 0.66666666666666641 5.87e-09
86 0.66666666666666674 1.35e-08
87 0.66666666666666663 6.3e-09
88 0.66666666666666674 1.44e-08
89 0.66666666666666663 1.14e-08
90 0.66666666666666696 1.76e-08
91 0.66666666666666674 1.89e-08
92 0.66666666666666663 1.12e-08
93 0.66666666666666652 5.95e-09
94 0.66666666666666674 1.69e-08
95 0.66666666666666685 1.21e-08
96 0.66666666666666674 8.5e-09
97 0.66666666666666663 5.63e-09
98 0.66666666666666663 2.26e-08
99 0.66666666666666663 1.62e-08
100 0.66666666666666674 1.78e-08
101 0.66666666666666674 1.11e-08
102 0.66666666666666674 1.6e-08
103 0.66666666666666674 1.37e-08
104 0.66666666666666674 7.65e-09
105 0.66666666666666652 2.73e-08
106 0.66666666666666652 9.62e-09
107 0.66666666666666707 2.62e-08
108 0.66666666666666663 2.78e-08
109 0.66666666666666652 2.01e-08
110 0.66666666666666652 8.36e-09
111 0.66666666666666663 6.13e-09
112 0.66666666666666652 7.33e-09
113 0.66666666666666663 9.13e-09
114 0.66666666666666685 2.7e-08
115 0.66666666666666652 1.39e-08
116 0.66666666666666663 1.07e-08
117 0.66666666666666685 3.59e-08
118 0.66666666666666663 1.85e-08
119 0.66666666666666663 1.33e-08
120 0.66666666666666641 7.15e-09
121 0.66666666666666652 1.03e-08
122 0.66666666666666663 8.46e-09
123 0.66666666666666663 8.56e-09
124 0.66666666666666663 1.09e-08
125 0.66666666666666674 2.16e-08
126 0.66666666666666652 8.3e-09
127 0.66666666666666641 3.62e-09
128 0.66666666666666674 2.42e-08
129 0.66666666666666652 6.67e-09
130 0.66666666666666652 7.53e-09
131 0.66666666666666652 6.52e-09
132 0.66666666666666652 4.12e-09
133 0.66666666666666652 1.13e-08
134 0.66666666666666652 1.25e-08
135 0.66666666666666663 1.77e-08
136 0.66666666666666663 1.05e-08
137 0.66666666666666652 1.17e-08
138 0.66666666666666652 1.44e-08
139 0.66666666666666674 1.39e-08
140 0.66666666666666652 9.94e-09
141 0.66666666666666663 6.97e-09
142 0.66666666666666641 6.81e-09
143 0.66666666666666641 1.04e-08
144 0.66666666666666718 2.85e-08
145 0.66666666666666674 1.79e-08
146 0.66666666666666707 1.67e-08
147 0.66666666666666652 1.24e-08
148 0.66666666666666674 2.17e-08
149 0.66666666666666674 9.52e-09
150 0.66666666666666674 2.14e-08
151 0.66666666666666663 2.25e-09
152 0.66666666666666674 1.89e-08
153 0.66666666666666663 6.66e-09
154 0.66666666666666641 6.37e-09
155 0.66666666666666663 1.48e-08
156 0.66666666666666641 1.03e-08
157 0.66666666666666663 1.34e-08
158 0.66666666666666652 9.16e-09
159 0.66666666666666696 3.49e-08
160 0.66666666666666663 9.89e-09
161 0.66666666666666674 2.22e-08
162 0.66666666666666652 3.95e-09
163 0.66666666666666641 4.48e-09
164 0.66666666666666652 6.24e-09
165 0.66666666666666674 1.26e-08
166 0.66666666666666663 1.85e-08
167 0.66666666666666652 1.09e-08
168 0.66666666666666696 1.63e-08
169 0.66666666666666652 5.67e-09
170 0.66666666666666641 4.61e-09
171 0.66666666666666674 1.63e-08
172 0.66666666666666674 1.46e-08
173 0.66666666666666696 2.49e-08
174 0.66666666666666663 9.63e-09
175 0.66666666666666663 7.49e-09
176 0.66666666666666663 1.51e-08
177 0.66666666666666652 7.15e-09
178 0.66666666666666663 1.55e-08
179 0.66666666666666652 4.74e-09
180 0.66666666666666641 6.81e-09
181 0.66666666666666663 8.3e-09
182 0.66666666666666663 1.84e-08
183 0.66666666666666663 8.87e-09
184 0.66666666666666652 7.41e-09
185 0.66666666666666641 1.28e-08
186 0.66666666666666685 1.95e-08
187 0.66666666666666663 7.03e-09
188 0.66666666666666674 1.28e-08
189 0.66666666666666663 1.48e-08
190 0.66666666666666663 1.39e-08
191 0.66666666666666652 1.21e-08
192 0.66666666666666685 2.39e-08
193 0.66666666666666652 1.08e-08
194 0.66666666666666663 1.41e-08
195 0.66666666666666674 1.39e-08
196 0.66666666666666652 1.64e-08
197 0.66666666666666663 1.72e-08
198 0.66666666666666652 4.22e-09
199 0.66666666666666696 1.54e-08
# d=2 k=4 starts=200 best 0.66666666666666641
