0 7.5115119690990973e-29 7.43e-15
1 9.321886116823099e-29 8e-15
2 6.1571209950082175e-29 8.76e-15
3 9.5794214689865602e-29 1.33e-14
4 9.2679600783802564e-29 1.57e-14
5 5.6786429596246527e-29 8.37e-15
6 7.703026442768964e-29 1.22e-14
7 8.5313303932510264e-29 1.3e-14
8 9.1931569593402561e-29 1.59e-14
9 3.558348165249857e-29 5.03e-15
10 7.5058882536614865e-29 7.76e-15
11 6.2581167612918842e-29 8.62e-15
12 2.3541026896234061e-29 7.2e-15
13 8.9579623945316869e-29 8.33e-15
14 7.7256753789149579e-29 1.32e-14
15 8.9853876369397611e-29 1.63e-14
16 9.8986636165681884e-29 9.32e-15
17 1.2992862665220721e-28 9.36e-15
18 8.5685393597765878e-29 1.02e-14
19 6.8704084092114742e-29 1.2e-14
20 7.4245369728105697e-29 1.39e-14
21 5.3403726241924786e-29 7.86e-15
22 1.1511129203206958e-28 8.87e-15
23 6.0961075343700299e-29 6.94e-15
24 3.5526474126144707e-29 4.93e-15
25 9.1332220194709254e-29 1.64e-14
26 7.4142139883086541e-29 7.94e-15
27 8.08567020411982e-29 8.12e-15
28 6.0971090179411113e-29 9.44e-15
29 5.2500079912018294e-29 1.09e-14
30 1.1955941983162634e-28 8.78e-15
31 9.7864204194093003e-29 9.26e-15
32 4.3613839148615588e-29 6.16e-15
33 7.804869618228161e-29 8.77e-15
34 6.4185852442582287e-29 6.66e-15
35 1.0554943504417583e-28 8.76e-15
36 6.4320667538689393e-29 6.79e-15
37 7.1275585753860579e-29 6.84e-15
38 7.2123765301368718e-29 7.69e-15
39 3.1838703468632028e-29 5e-15
40 5.2599457897148676e-29 7.22e-15
41 6.1706025046189282e-29 1.18e-14
42 1.1453351304875341e-28 9.12e-15
43 5.0907721033998928e-29 8.04e-15
44 4.1362812229615787e-29 6.8e-15
45 8.9819980002376396e-29 7.84e-15
46 6.1996455281802877e-29 8.65e-15
47 3.6332283214876327e-29 5e-15
48 7.4360155152791176e-29 1.46e-14
49 9.3664906543351074e-29 8.62e-15
50 1.432506692635226e-28 9.61e-15
51 4.6906408981540007e-29 5.53e-15
52 4.8280752589854738e-29 7.55e-15
53 1.2030051767422655e-28 8.69e-15
54 2.7892858198571459e-29 4.81e-15
55 4.4934256718487477e-29 5.46e-15
56 7.5347001656295196e-29 9.97e-15
57 4.7410232254991708e-29 9.81e-15
58 7.8656519672730222e-29 7.5e-15
59 9.6089267157345726e-29 1.21e-14
60 3.7715100914946362e-29 8.79e-15
61 4.2976741523012291e-29 5.39e-15
62 6.9379700316605784e-29 1.28e-14
63 6.2695182665626566e-29 1.11e-14
64 6.1385550303443246e-29 7.36e-15
65 2.5401475222512131e-29 7.34e-15
66 9.5534599333362202e-29 1.2e-14
67 9.1906917690114405e-29 1.06e-14
68 1.2793490397377755e-28 9.39e-15
69 7.7053375587022287e-29 7.77e-15
70 9.1754384038518936e-29 7.76e-15
71 9.1974710424156835e-29 8.3e-15
72 1.3446457685722803e-28 9.4e-15
73 1.5737775059159186e-28 9.9e-15
74 8.2699431811987908e-29 1.41e-14
75 9.7933537672090943e-29 1.08e-14
76 3.6043393723218242e-29 8.5e-15
77 4.1568501547676344e-29 5.3e-15
78 1.1540942598746072e-28 9.33e-15
79 1.2055165893897464e-28 9.04e-15
80 4.5502020866092834e-29 5.77e-15
81 9.9944208534031217e-29 1.14e-14
82 1.1104064650161272e-28 8.42e-15
83 1.0875341209965843e-28 9.85e-15
84 4.9826889149208811e-29 5.75e-15
85 5.9726169063359203e-29 6.58e-15
86 8.2845032115783583e-29 9.11e-15
87 8.3457477838098724e-29 9.16e-15
88 4.3960506538605291e-29 7.05e-15
89 6.8656321029493939e-29 1.22e-14
90 7.0675465983189517e-29 1.26e-14
91 1.1161611436899562e-28 9.51e-15
92 7.2167676504100747e-29 1.4e-14
93 4.9692844425079459e-29 5.73e-15
94 6.1381698443554471e-29 1.03e-14
95 7.7084190466132483e-29 1.14e-14
96 8.4310279617473392e-29 7.53e-15
97 9.1695065396231809e-29 9.55e-15
98 6.4064133670097013e-29 1.24e-14
99 2.4848348142484117e-29 3.94e-15
100 7.0441272901952029e-29 1.06e-14
101 9.0531803709821918e-29 1.62e-14
102 5.6079228120667534e-29 6.17e-15
103 6.6869058041102584e-29 7.07e-15
104 8.7173752258788334e-29 1.33e-14
105 1.0911702767315874e-28 9.83e-15
106 2.8939023344362606e-29 5.73e-15
107 7.6576515332792007e-29 9.68e-15
108 1.2430182972668547e-28 9.5e-15
109 7.5236838463476246e-29 1.43e-14
110 6.4535601320483009e-29 7.56e-15
111 8.6748506927067632e-29 9.22e-15
112 6.7973001085225347e-29 8.49e-15
113 7.5353164632117235e-29 1.36e-14
114 1.0754392809458325e-28 9.37e-15
115 8.3635433764960104e-29 9.22e-15
116 7.2941900341744416e-29 1.27e-14
117 8.3145477187107991e-29 8.12e-15
118 5.4013860848306662e-29 6.76e-15
119 9.853905004660629e-29 1.3e-14
120 5.9027441679535514e-29 8.51e-15
121 7.0035286869675199e-29 7.14e-15
122 6.1186794333182483e-29 9.7e-15
123 3.0993605409034909e-29 8e-15
124 8.807508747276156e-29 1.61e-14
125 8.2302690243444137e-29 1.16e-14
126 9.9753926655525758e-29 9.71e-15
127 6.3955511221233573e-29 1.24e-14
128 6.733128122775552e-29 9.72e-15
129 7.1207022647840394e-29 1.33e-14
130 7.3770050217830927e-29 8.32e-15
131 1.237086433038142e-28 9.63e-15
132 9.2181170114195147e-29 1.45e-14
133 4.4929634486620948e-29 7.98e-15
134 4.9322295503779355e-29 6.78e-15
135 5.078215040162488e-29 8.32e-15
136 7.8024814650971209e-29 1.07e-14
137 1.1271620555322961e-28 9.16e-15
138 9.2412281707521615e-29 1.14e-14
139 6.9907405121367887e-29 7.59e-15
140 8.3099254868442698e-29 1.37e-14
141 9.0571863052665173e-29 1.29e-14
142 7.2358728754583961e-29 1.42e-14
143 4.6965727623827134e-29 5.66e-15
144 7.2884892815390554e-29 7.09e-15
145 7.4762289325179231e-29 7.1e-15
146 7.8792875512792838e-29 8.62e-15
147 6.806005311871165e-29 1.19e-14
148 9.5408258329010399e-29 1.35e-14
149 3.1540569513240884e-29 5.74e-15
150 1.3195778644161361e-28 9.57e-15
151 1.0855465612939767e-28 9e-15
152 6.1473372708907304e-29 1.06e-14
153 4.8417878801895109e-29 1.02e-14
154 9.022827715058649e-29 1.25e-14
155 1.264242045254002e-28 9.99e-15
156 5.774708345250688e-29 6.08e-15
157 3.6500994678004649e-29 9.43e-15
158 1.246292378172313e-28 8.72e-15
159 9.3929914503698757e-29 8.09e-15
160 2.5550157014218826e-29 5.25e-15
161 1.2951108504026406e-28 9.09e-15
162 6.6051693372704641e-29 1.19e-14
163 8.4559880138265977e-29 1.29e-14
164 4.3110786247141642e-29 7.44e-15
165 1.4166216224539201e-28 9.96e-15
166 6.6157234333657061e-29 1.12e-14
167 5.3962245925797084e-29 6.71e-15
168 7.2133009765101777e-29 7.97e-15
169 7.4206080757240197e-29 8.01e-15
170 7.6252959102134952e-29 8.66e-15
171 7.8718149430950614e-29 1e-14
172 4.9224458262604484e-29 1.03e-14
173 7.3818583652429486e-29 1.25e-14
174 3.9366778435252856e-29 5.49e-15
175 1.1918887091032623e-28 9.61e-15
176 9.8931169383283531e-29 1.76e-14
177 8.6159172364085138e-29 1.04e-14
178 7.7021790335934336e-29 9.64e-15
179 8.2209475234135795e-29 1.18e-14
180 1.0741450560232043e-28 8.33e-15
181 5.3278155609550738e-29 6e-15
182 7.9050179753362973e-29 1.37e-14
183 5.9988865907773622e-29 8.88e-15
184 6.9421300403404549e-29 1.15e-14
185 4.874066466057441e-29 7.64e-15
186 4.4033691876492006e-29 9.17e-15
187 5.1356077525052276e-29 6.12e-15
188 6.2271478077861374e-29 1.07e-14
189 1.039701724897783e-28 8.32e-15
190 8.1094746982324463e-29 9.35e-15
191 8.9378556859122841e-29 8.5e-15
192 6.0727652634440566e-29 8.18e-15
193 8.4177005265321795e-29 1.6e-14
194 7.1944268630551828e-29 8.5e-15
195 6.6739635548839761e-29 9.08e-15
196 5.1034832410328485e-29 8.32e-15
197 1.2738331763770504e-28 9.67e-15
198 5.7666964766820371e-29 8.74e-15
199 8.3383522128234254e-29 7.79e-15
# d=4 k=5 starts=200 best 2.3541026896234061e-29
