010101010120101010201212
010101010120101012102012
010101010120101020101212
010101010120101020121012
010101010120101210102012
010101010120101210201012
010101010120102010101212
010101010120102010121012
010101010120102012101012
010101010120121010102012
010101010120121010201012
010101010120121020101012
010101010120201010101212
010101010120201010121012
010101010120201012101012
010101010120201210101012
010101010210101010212012
010101010210101021201012
010101010210102020201212
010101010210121020202012
010101010210201020201212
010101010210201210202012
010101010210202010201212
010101010210202020101212
010101012010101012012012
010101012010101012021021
010101012010101012102102
010101012010101021021012
010101012010101201201012
010101012010101202101021
010101012010101210102102
010101012010102020120212
010101012010102020121202
010101012010102102101012
010101012010102120121212
010101012010120120101012
010101012010120210202012
010101012010121010102102
010101012010121020201202
010101012010121021201212
010101012010121210212012
010101012010121212102021
010101012010201020120212
010101012010201020121202
010101012010201202102012
010101012010201210201202
010101012010201212121021
010101012010202010120212
010101012010202010121202
010101012010202012021012
010101012010202012101202
010101012010210210101012
010101012010212010121212
010101012010212012101212
010101012010212012121012
010101012012021010202012
010101012012021020102012
010101012012021020201012
010101012012101010102102
010101012012101020201202
010101012012101021201212
010101012012101210212012
010101012012101212102021
010101012012102010201202
010101012012102012121021
010101012012102020101202
010101012012102120101212
010101012012102120121012
010101012012121010212012
010101012012121012102021
010101012012121021201012
010101012012121210102021
010101012020101020120212
010101012020101020121202
010101012020101202102012
010101012020101210201202
010101012020102010120212
010101012020102010121202
010101012020102012021012
010101012020102012101202
010101012020120210102012
010101012020120210201012
010101012020121010201202
010101012020121020101202
010101012020201010120212
010101012020201010121202
010101012020201012021012
010101012020201012101202
010101012020201202101012
010101012020201210101202
010101012020202012121212
010101012021201010121212
010101012021201012101212
010101012021201012121012
010101012021201210101212
010101012021201210121012
010101012021201212101012
010101012102101010201012
010101012102101020101012
010101012120101020121212
010101012120101210201212
010101012120101212102012
010101012120102010121212
010101012120102012101212
010101012120102012121012
010101012120121010201212
010101012120121012102012
010101012120121020101212
010101012120121020121012
010101012120121210102012
010101012120121210201012
010101012120201010121212
010101012120201012101212
010101012120201012121012
010101012120201210101212
010101012120201210121012
010101012120201212101012
010101020120101020201212
010101020120101210202012
010101020120102010201212
010101020120102012102012
010101020120102020101212
010101020120102020121012
010101020120121010202012
010101020120121020102012
010101020120121020201012
010101020120201010201212
010101020120201012102012
010101020120201020101212
010101020120201020121012
010101020120201210102012
010101020120201210201012
010101020120202010101212
010101020120202010121012
010101020120202012101012
010101020210101020212012
010101020210101021202012
010101020210102010212012
010101020210102021201012
010101020210102120102012
010101020210102120201012
010101020210201010212012
010101020210201021201012
010101020210202020201212
010101020210202120101012
010101020210212010102012
010101020210212010201012
010101020210212020101012
010101020212102020202012
010101021010102020210212
010101021010102101201012
010101021010102121201212
010101021010120120202012
010101021010121021212012
010101021010201020210212
010101021010201201202012
010101021010202010210212
010101021010202012012012
010101021010202021021012
010101021010202102102012
010101021010210210202012
010101021010212120101212
010101021010212120121012
010101021012012010202012
010101021012012020102012
010101021012101021212012
010101021020101020210212
010101021020101201202012
010101021020102010210212
010101021020102012012012
010101021020102102102012
010101021020201010210212
010101021020201012012012
010101021020202020120212
010101021020202120121212
010101021020212020121212
010101021021202020121212
010101021021212010101212
010101021210202021201212
010101021210202120201212
010101201010120101201012
010101201010120102101021
010101201010120120201202
010101201010120121201212
010101201010120201202012
010101201010120202102021
010101201010120210202102
010101201010120212102121
010101201010121010210102
010101201010121020210202
010101201010121021210212
010101201010121201212012
010101201010121202102121
010101201010121210212102
010101201010121212012021
010101201010201021020212
010101201010201021021202
010101201010201201201202
010101201010201202012012
010101201010201202021021
010101201010201202102102
010101201010201210210202
010101201010201212120121
010101201010202012010212
010101201010202012120102
010101201010202102021012
010101201010202102101202
010101201010210102101012
010101201010210120121212
010101201010210202102012
010101201010210210201202
010101201010210212121021
010101201010212010120202
010101201010212102101212
010101201010212102121012
010101201012010210202012
010101201012012010201202
010101201012012012121021
010101201012012020101202
010101201012012120101212
010101201012012120121012
010101201012020120102012
010101201012020120201012
010101201012020210102021
010101201012020210201021
010101201012021010202102
010101201012021012102121
010101201012021020102102
010101201012021210102121
010101201012101010210102
010101201012101020210202
010101201012101021210212
010101201012101201212012
010101201012101202102121
010101201012101210212102
010101201012101212012021
010101201012102010210202
010101201012102012120121
010101201012102020120102
010101201012102101201212
010101201012102102121021
010101201012102121021012
010101201012120120121021
010101201012120121201012
010101201012120210102121
010101201012121010212102
010101201012121012012021
010101201012121020120121
010101201012121021012012
010101201012121021021021
010101201012121201201021
010101201020101021020212
010101201020101021021202
010101201020101201201202
010101201020101202012012
010101201020101202021021
010101201020101202102102
010101201020101210210202
010101201020101212120121
010101201020102012010212
010101201020102012120102
010101201020102102021012
010101201020102102101202
010101201020120102102012
010101201020120120101202
010101201020120201201012
010101201020120210102102
010101201020121010210202
010101201020121012120121
010101201020121020120102
010101201020121210120121
010101201020201012010212
010101201020201012120102
010101201020201201021012
010101201020201210120102
010101201020202012020212
010101201020202012021202
010101201020202012120202
010101201020202102121212
010101201020210202101012
010101201020210210101202
010101201020212012021212
010101201020212012120212
010101201020212012121202
010101201021012010121212
010101201021012012101212
010101201021012012121012
010101201021020210102012
010101201021020210201012
010101201021021010201202
010101201021021012121021
010101201021021020101202
010101201021021210121021
010101201021201010120202
010101201021202012021212
010101201021202012120212
010101201021202012121202
010101201021210210101212
010101201021210210121012
010101201021210212101012
010101201021212012121212
010101201201021010202012
010101201201021020102012
010101201201021020201012
010101201201201010201202
010101201201201012121021
010101201201201020101202
010101201201201210121021
010101201201202010101202
010101201201202020121212
010101201201212010101212
010101201201212010121012
010101201201212012101012
010101201202012010102012
010101201202012010201012
010101201202021010102021
010101201202021020202012
010101201202101010202102
010101201202101012102121
010101201202101020102102
010101201202101210102121
010101201202102010102102
010101201202102020201202
010101201202102021201212
010101201202102120201212
010101201202121010102121
010101201202121020212012
010101201202121021202012
010101201202121210202021
010101201210101020210202
010101201210101021210212
010101201210101201212012
010101201210101202102121
010101201210101210212102
010101201210101212012021
010101201210102010210202
010101201210102012120121
010101201210102020120102
010101201210102101201212
010101201210102102121021
010101201210102121021012
010101201210120120121021
010101201210120121201012
010101201210120210102121
010101201210121010212102
010101201210121012012021
010101201210121020120121
010101201210121021012012
010101201210201010210202
010101201210201012120121
010101201210201020120102
010101201210201210120121
010101201210202010120102
010101201210202020120202
010101201210202021021212
010101201210202120120212
010101201210202120121202
010101201210210120101212
010101201210210120121012
010101201210212020120212
010101201210212020121202
010101201210212102101012
010101201210212120121212
010101201212012020201212
010101201212021010102121
010101201212021020212012
010101201212021021202012
010101201212021210202021
010101201212101010212102
010101201212101012012021
010101201212101020120121
010101201212101021012012
010101201212102010120121
010101201212102020210212
010101201212102021201202
010101201212102101201012
010101201212102120201202
010101201212102121201212
010101201212120120202012
010101201212120210202021
010101201212121020202102
010101201212121021212012
010101201212121210202121
010101201212121210212021
010101202010101202012012
010101202010101202102102
010101202010101210210202
010101202010101212120121
010101202010102012010212
010101202010102012120102
010101202010102102021012
010101202010102102101202
010101202010120102102012
010101202010120120101202
010101202010120201201012
010101202010120210102102
010101202010121010210202
010101202010121012120121
010101202010121020120102
010101202010121210120121
010101202010201012010212
010101202010201012120102
010101202010201201021012
010101202010201210120102
010101202010202012020212
010101202010202012021202
010101202010202012120202
010101202010202102121212
010101202010210202101012
010101202010210210101202
010101202010212012021212
010101202010212012120212
010101202010212012121202
010101202012010210102012
010101202012010210201012
010101202012012020121212
010101202012020210202012
010101202012021010102102
010101202012021020201202
010101202012021021201212
010101202012021210212012
010101202012021212102021
010101202012101010210202
010101202012101012120121
010101202012101020120102
010101202012101210120121
010101202012102010120102
010101202012102020120202
010101202012102021021212
010101202012102120120212
010101202012102120121202
010101202012120120201212
010101202012120210212012
010101202012120212102021
010101202012121010120121
010101202012121020210212
010101202012121021201202
010101202012121201202012
010101202012121210202102
010101202012121212102121
010101202020101012120102
010101202020101201021012
010101202020101210120102
010101202020102012020212
010101202020102012021202
010101202020102012120202
010101202020102102121212
010101202020120102101012
010101202020120120121212
010101202020120202102012
010101202020120210201202
010101202020121010120102
010101202020121020120202
010101202020121021021212
010101202020121201201212
010101202020121210210212
010101202020121212012012
010101202020121212102102
010101202020201012020212
010101202020201012021202
010101202020201012120202
010101202020201202021012
010101202020201202101202
010101202020201210120202
010101202020210210121212
010101202020210212101212
010101202020210212121012
010101202021021020121212
010101202021021210201212
010101202021021212102012
010101202021201012021212
010101202021201012120212
010101202021201012121202
010101202021201202101212
010101202021201202121012
010101202021201210120212
010101202021201210121202
010101202021201212021012
010101202021201212101202
010101202101201010121212
010101202101201012101212
010101202101201012121012
010101202101201210101212
010101202101201210121012
010101202101201212101012
010101202102021010201012
010101202102101020101202
010101202102102020121212
010101202102121020201212
010101202102121210202012
010101202120102012021212
010101202120102012120212
010101202120102012121202
010101202120120210201212
010101202120120212102012
010101202120121020120212
010101202120121020121202
010101202120121202102012
010101202120121210201202
010101202120201012021212
010101202120201012120212
010101202120201012121202
010101202120201202101212
010101202120201202121012
010101202120201210120212
010101202120201210121202
010101202120201212021012
010101202120201212101202
010101202121021010121012
010101202121021012101012
010101202121201012121212
010101202121201210121212
010101202121201212101212
010101202121201212121012
010101210120101020121212
010101210120101210201212
010101210120101212102012
010101210120102010121212
010101210120102012101212
010101210120102012121012
010101210120121010201212
010101210120121012102012
010101210120121020101212
010101210120121020121012
010101210120121210102012
010101210120121210201012
010101210120201010121212
010101210120201012101212
010101210120201012121012
010101210120201210101212
010101210120201210121012
010101210120201212101012
010101210202101020102012
010101210202101020201012
010101210202102010102012
010101210202102010201012
010101210210101210212012
010101210210102010201202
010101210210102020101202
010101210210102120101212
010101210210102120121012
010101210210121010212012
010101210210121021201012
010101210210201010201202
010101210210201020101202
010101210210202020121212
010101210210212010101212
010101210210212010121012
010101210210212012101012
010101210212101010212012
010101210212101021201012
010101210212102020201212
010101210212121020202012
010101212010101212012012
010101212010101212102102
010101212010102010120202
010101212010102102101212
010101212010102102121012
010101212010120120101212
010101212010120120121012
010101212010121010210212
010101212010121012012012
010101212010121012102102
010101212010121021021012
010101212010121201201012
010101212010121210102102
010101212010202012021212
010101212010202012120212
010101212010202012121202
010101212010210210101212
010101212010210210121012
010101212010210212101012
010101212010212012121212
010101212012012010121012
010101212012012012101012
010101212012021020201212
010101212012021210202012
010101212012101012012012
010101212012101012102102
010101212012101021021012
010101212012101201201012
010101212012101210102102
010101212012102020120212
010101212012102020121202
010101212012102102101012
010101212012102120121212
010101212012120210202012
010101212012121010102102
010101212012121020201202
010101212012121021201212
010101212012121210212012
010101212020102012021212
010101212020102012120212
010101212020102012121202
010101212020120210201212
010101212020120212102012
010101212020121020120212
010101212020121020121202
010101212020121202102012
010101212020121210201202
010101212020201012021212
010101212020201012120212
010101212020201012121202
010101212020201202101212
010101212020201202121012
010101212020201210120212
010101212020201210121202
010101212020201212021012
010101212020201212101202
010101212021021010121012
010101212021021012101012
010101212021201012121212
010101212021201210121212
010101212021201212101212
010101212021201212121012
010101212102101012102012
010101212102101020101212
010101212102101020121012
010101212102101210102012
010101212102101210201012
010101212102102010121012
010101212102102012101012
010101212102121010201012
010101212120101202101012
010101212120101210101202
010101212120102012121212
010101212120121020121212
010101212120121210201212
010101212120121212102012
010101212120201012121212
010101212120201210121212
010101212120201212101212
010101212120201212121012
010102010120101020201212
010102010120101210202012
010102010120102010201212
010102010120102012102012
010102010120102020101212
010102010120102020121012
010102010120121010202012
010102010120121020102012
010102010120121020201012
010102010120201010201212
010102010120201012102012
010102010120201020101212
010102010120201020121012
010102010120201210102012
010102010120201210201012
010102010120202010121012
010102010120202012101012
010102010210102010212012
010102010210102021201012
010102010210102120102012
010102010210102120201012
010102010210201010212012
010102010210201021201012
010102010210202020201212
010102010210212010102012
010102010210212010201012
010102010212102020202012
010102012010102012012012
010102012010102012102102
010102012010102021021012
010102012010102102102012
010102012010102120101202
010102012010120120102012
010102012010120120201012
010102012010121010202102
010102012010121020102102
010102012010201012012012
010102012010201012102102
010102012010201021021012
010102012010201201201012
010102012010202020120212
010102012010202020121202
010102012010202102101012
010102012010202120121212
010102012010210210102012
010102012010210210201012
010102012010212020121212
010102012012012010201012
010102012012021020202012
010102012012102020201202
010102012012102021201212
010102012012102120201212
010102012012121020212012
010102012012121021202012
010102012020101021021012
010102012020101201201012
010102012020102020120212
010102012020102020121202
010102012020102102101012
010102012020102120121212
010102012020120210202012
010102012020121020201202
010102012020121021201212
010102012020121210212012
010102012020201020120212
010102012020201020121202
010102012020201202102012
010102012020201210201202
010102012020202010120212
010102012020202010121202
010102012020202012021012
010102012020202012101202
010102012020212010121212
010102012020212012101212
010102012020212012121012
010102012021021010201012
010102012021201020121212
010102012021201210201212
010102012021201212102012
010102012021202010121212
010102012021202012101212
010102012021202012121012
010102012102101020102012
010102012102101020201012
010102012102102010201012
010102012120102020121212
010102012120121020201212
010102012120121210202012
010102012120201020121212
010102012120201210201212
010102012120201212102012
010102012120202010121212
010102012120202012101212
010102012120202012121012
010102012121201012101012
010102020120101021201012
010102020120102020201212
010102020120121020202012
010102020120201020201212
010102020120201210202012
010102020120202010201212
010102020120202012102012
010102020120202020101212
010102020120202020121012
010102020210102020212012
010102020210102021202012
010102020210102120202012
010102020210201020212012
010102020210201021202012
010102020210202010212012
010102020210202021201012
010102020210202120102012
010102020210202120201012
010102020210212010202012
010102020210212020102012
010102020210212020201012
010102021010201021012012
010102021010202020210212
010102021010202021201202
010102021010202101201012
010102021010202120201202
010102021010202121201212
010102021010210120102012
010102021010210120201012
010102021010212020201202
010102021010212021201212
010102021010212120201212
010102021012012020202012
010102021012102021212012
010102021012102120212012
010102021012102121202012
010102021020102020210212
010102021020102021201202
010102021020102101201012
010102021020102120201202
010102021020102121201212
010102021020120120202012
010102021020121021212012
010102021020201020210212
010102021020201021201202
010102021020201201202012
010102021020202010210212
010102021020202012012012
010102021020202021021012
010102021020202102102012
010102021020210210202012
010102021020212120101212
010102021020212120121012
010102021021012010201012
010102021021021020202012
010102021021201021201212
010102021021201210212012
010102021021202120101212
010102021021202120121012
010102021021212010201212
010102021021212012102012
010102021021212020101212
010102021021212020121012
010102021201201020202012
010102021201202010202012
010102021201202020102012
010102021201202020201012
010102021210102021212012
010102021210102120212012
010102021210102121202012
010102021210201021212012
010102021210202121201012
010102021210212010212012
010102021210212021201012
010102021210212120102012
010102021210212120201012
010102101012010120202012
010102101012012121201012
010102101012102101212012
010102101012102121012012
010102101020102021010212
010102101020102102012012
010102101020120101202012
010102101020201021010212
010102101020201201012012
010102101020202021020212
010102101020202101021012
010102101020202121021212
010102101020210102102012
010102101020210201201012
010102101020212021021212
010102101020212120120212
010102101021010210202012
010102101021012120101212
010102101021012120121012
010102101021020120102012
010102101021202021021212
010102101021202120120212
010102101021210120101212
010102101021210120121012
010102101021212020120212
010102101021212120121212
010102101201012010202012
010102101201012020102012
010102101201202021201212
010102101201202120201212
010102101201212020201212
010102101202012020202012
010102101202102021212012
010102101202102120212012
010102101202102121202012
010102101210102101212012
010102101210102121012012
010102101210202021210212
010102101210202120210212
010102101210212020210212
010102101210212121201212
010102101212012020212012
010102101212012021202012
010102101212012120202012
010102101212102121212012
010102102010120101202012
010102102010201021010212
010102102010201201012012
010102102010202021020212
010102102010202121021212
010102102010210102102012
010102102010212021021212
010102102010212120120212
010102102012012021201212
010102102012012120201212
010102102012020120202012
010102102012021021212012
010102102012102021210212
010102102012102120210212
010102102012120120212012
010102102012120121202012
010102102020101201012012
010102102020102021020212
010102102020102121021212
010102102020120121201212
010102102020120201202012
010102102020121021210212
010102102020121201212012
010102102020201021020212
010102102020201202012012
010102102020202012010212
010102102020210120121212
010102102020212102101212
010102102021012020121212
010102102021021021201212
010102102021021210212012
010102102021201021021212
010102102021201201201212
010102102021201210210212
010102102021201212012012
010102102021202102101212
010102102021210210201212
010102102021212010120212
010102102101202020121212
010102102102102021201212
010102102102102120201212
010102102102121020212012
010102102120102021021212
010102102120102120120212
010102102120120120201212
010102102120120210212012
010102102120121020210212
010102102120201021021212
010102102120201201201212
010102102120201210210212
010102102120202102101212
010102102120210210201212
010102102120212010120212
010102102121021020201212
010102102121201020120212
010102102121202010120212
010102102121212010121212
010102102121212012101212
010102120120102021201212
010102120120102120201212
010102120120201021201212
010102120120202120101212
010102120120212010201212
010102120120212020101212
010102120121201020201212
010102120121202010201212
010102120121202020101212
010102121010212121201212
010102121020202101201212
010102121020210120201212
010120101201012010201202
010120101201012012121021
010120101201012020101202
010120101201012120101212
010120101201012120121012
010120101201020120102012
010120101201020210102021
010120101201020210201021
010120101201021010202102
010120101201021012102121
010120101201021020102102
010120101201021210102121
010120101201201012120121
010120101201201020120102
010120101201201210120121
010120101201202010120102
010120101201202020120202
010120101201202021021212
010120101201202120120212
010120101201202120121202
010120101201210120101212
010120101201210120121012
010120101201210210121021
010120101201210212101021
010120101201212020120212
010120101201212020121202
010120101201212120121212
010120101202010120102012
010120101202010210102021
010120101202010210201021
010120101202012020201202
010120101202012021201212
010120101202012120201212
010120101202020120202012
010120101202020210202021
010120101202021020202102
010120101202021021212012
010120101202021210202121
010120101202021210212021
010120101202101012012121
010120101202101020210102
010120101202101210210121
010120101202102010210102
010120101202102020210202
010120101202102021210212
010120101202102120210212
010120101202102121201202
010120101202120120212012
010120101202120121202012
010120101202120210202121
010120101202120210212021
010120101202121010210121
010120101202121020212102
010120101202121021202102
010120101202121201202021
010120101202121210212121
010120101210101201212102
010120101210101202012121
010120101210102021010202
010120101210102021020102
010120101210102101210212
010120101210102102120121
010120101210102121010212
010120101210120101212012
010120101210120102102121
010120101210120120120121
010120101210120121012012
010120101210120121021021
010120101210120210210121
010120101210121021012102
010120101210121021020121
010120101210121021210102
010120101210121201012021
010120101210201021010202
010120101210201021020102
010120101210201212010121
010120101210202021020202
010120101210202121020212
010120101210202121021202
010120101210210101201212
010120101210210102121021
010120101210210121021012
010120101210210210120121
010120101210212021020212
010120101210212021021202
010120101210212101021012
010120101210212120120202
010120101210212121021212
010120101212010120121021
010120101212010210102121
010120101212012010120121
010120101212012020210212
010120101212012021201202
010120101212012120201202
010120101212012121201212
010120101212020120212012
010120101212020121202012
010120101212020210202121
010120101212020210212021
010120101212021010210121
010120101212021020212102
010120101212021021202102
010120101212021201202021
010120101212021210212121
010120101212101021012102
010120101212101021020121
010120101212101021210102
010120101212101201012021
010120101212102012010121
010120101212102021210202
010120101212102101012012
010120101212102101021021
010120101212102120210202
010120101212102121210212
010120101212120101201021
010120101212120120202102
010120101212120121212012
010120101212120201202021
010120101212120210212121
010120101212121021212102
010120101212121201202121
010120101212121201212021
010120102010120102012012
010120102010120102021021
010120102010120102102102
010120102010120120120102
010120102010120201012012
010120102010120201021021
010120102010120210210102
010120102010121021010202
010120102010121021020102
010120102010121212010121
010120102010202102020212
010120102010202102021202
010120102010202102120202
010120102010210102021012
010120102010210201021012
010120102010210210120102
010120102010212012020202
010120102010212102021212
010120102010212102120212
010120102010212102121202
010120102012010210102102
010120102012012020120202
010120102012012021021212
010120102012012120120212
010120102012012120121202
010120102012020120201202
010120102012020121201212
010120102012020201202012
010120102012020202102021
010120102012020210202102
010120102012020212102121
010120102012021020210202
010120102012021021210212
010120102012021201212012
010120102012021202102121
010120102012021210212102
010120102012021212012021
010120102012101021020102
010120102012101212010121
010120102012102021020202
010120102012102121020212
010120102012102121021202
010120102012120120210212
010120102012120121201202
010120102012120201212012
010120102012120202102121
010120102012120210212102
010120102012120212012021
010120102012121012010121
010120102012121021210202
010120102012121201202102
010120102012121202012021
010120102012121212012121
010120102020102102020212
010120102020102102021202
010120102020102102120202
010120102020120120120202
010120102020120121021212
010120102020120201201202
010120102020120202012012
010120102020120202021021
010120102020120202102102
010120102020120210210202
010120102020120212120121
010120102020121021020202
010120102020121201210212
010120102020121202120121
010120102020121212012102
010120102020121212020121
010120102020201201020212
010120102020201201021202
010120102020201202010212
010120102020201202120102
010120102020201212010202
010120102020201212020102
010120102020210102121212
010120102020210202021012
010120102020210202101202
010120102020210210120202
010120102021012012021212
010120102021012012120212
010120102021012012121202
010120102021020120121212
010120102021020202102012
010120102021020210201202
010120102021020212121021
010120102021021020120202
010120102021021021021212
010120102021021201201212
010120102021021202121021
010120102021021210210212
010120102021021212012012
010120102021021212021021
010120102021021212102102
010120102021201012020202
010120102021201201021212
010120102021201212010212
010120102021201212120102
010120102021210202101212
010120102021210202121012
010120102021210210120212
010120102021210210121202
010120102021210212021012
010120102021210212101202
010120102101012012101212
010120102101012012121012
010120102101020210102012
010120102101202012021212
010120102101202012120212
010120102101202012121202
010120102101210210101212
010120102101210210121012
010120102101212012121212
010120102102012020121212
010120102102020210202012
010120102102021020201202
010120102102021021201212
010120102102021210212012
010120102102021212102021
010120102102101012120121
010120102102101020120102
010120102102101210120121
010120102102102020120202
010120102102102021021212
010120102102102120120212
010120102102102120121202
010120102102120120201212
010120102102120210212012
010120102102120212102021
010120102102121010120121
010120102102121020210212
010120102102121021201202
010120102102121201202012
010120102102121202102021
010120102102121210202102
010120102102121212102121
010120102120102012020202
010120102120102102021212
010120102120102102120212
010120102120102102121202
010120102120120120120212
010120102120120120121202
010120102120120201201212
010120102120120202121021
010120102120120210210212
010120102120120212012012
010120102120120212021021
010120102120120212102102
010120102120121021020212
010120102120121021021202
010120102120121201201202
010120102120121202012012
010120102120121202021021
010120102120121202102102
010120102120121210210202
010120102120121212120121
010120102120201012020202
010120102120201201021212
010120102120201212010212
010120102120201212120102
010120102120210202101212
010120102120210202121012
010120102120210210120212
010120102120210210121202
010120102120210212021012
010120102120210212101202
010120102121010210121012
010120102121012012121212
010120102121020210201212
010120102121020212102012
010120102121021020120212
010120102121021020121202
010120102121021202102012
010120102121021210201202
010120102121021212121021
010120102121201012020212
010120102121201012021202
010120102121201012120202
010120102121201202021012
010120102121201202101202
010120102121201210120202
010120102121210210121212
010120102121210212101212
010120102121210212121012
010120120101201210121021
010120120101202020121212
010120120101212010121012
010120120102021020202012
010120120102101210102121
010120120102102020201202
010120120102102021201212
010120120102102120201212
010120120102121020212012
010120120102121021202012
010120120102121210202021
010120120120101210120121
010120120120102020120202
010120120120102021021212
010120120120102120120212
010120120120102120121202
010120120120120120201212
010120120120120210212012
010120120120120212102021
010120120120121010120121
010120120120121020210212
010120120120121021201202
010120120120121201202012
010120120120121202102021
010120120120121210202102
010120120120121212102121
010120120120201020120202
010120120120201021021212
010120120120201201201212
010120120120201202121021
010120120120201210210212
010120120120201212012012
010120120120201212021021
010120120120201212102102
010120120120202010120202
010120120120202102101212
010120120120202102121012
010120120120210210201212
010120120120210212102012
010120120120212010120212
010120120120212010121202
010120120120212012021012
010120120120212012101202
010120120121012010121012
010120120121021010121021
010120120121021020201212
010120120121021210202012
010120120121201020120212
010120120121201020121202
010120120121201202102012
010120120121201210201202
010120120121201212121021
010120120121202010120212
010120120121202010121202
010120120121202012021012
010120120121202012101202
010120120121212010121212
010120120121212012101212
010120120121212012121012
010120120201021020202012
010120120201201020201202
010120120201201021201212
010120120201201210212012
010120120201201212102021
010120120201202010201202
010120120201202012121021
010120120201202020101202
010120120201202120101212
010120120201202120121012
010120120201212010201212
010120120201212012102012
010120120201212020101212
010120120201212020121012
010120120202012010202012
010120120202012020102012
010120120202021010202021
010120120202021020102021
010120120202101020202102
010120120202101021212012
010120120202101210202121
010120120202101210212021
010120120202102010202102
010120120202102012102121
010120120202102020102102
010120120202102120121021
010120120202121010202121
010120120202121010212021
010120120202121020102121
010120120210101210210121
010120120210102020210202
010120120210102021210212
010120120210102120210212
010120120210102121201202
010120120210120120212012
010120120210120121202012
010120120210120210202121
010120120210120210212021
010120120210121010210121
010120120210121020212102
010120120210121021202102
010120120210121201202021
010120120210121210212121
010120120210201020210202
010120120210201021210212
010120120210201201212012
010120120210201202102121
010120120210201210212102
010120120210201212012021
010120120210202010210202
010120120210202012120121
010120120210202020120102
010120120210202101201212
010120120210202102121021
010120120210202121021012
010120120210210120201212
010120120210210210212012
010120120210210212102021
010120120210212010210212
010120120210212012012012
010120120210212012021021
010120120210212012102102
010120120210212021021012
010120120210212102102012
010120120210212120101202
010120120212012010212012
010120120212012012102021
010120120212012020121021
010120120212012120102012
010120120212021010202121
010120120212021010212021
010120120212021020102121
010120120212101020212102
010120120212101021202102
010120120212101201202021
010120120212101210212121
010120120212102010212102
010120120212102012012021
010120120212102020120121
010120120212102021012012
010120120212102101202012
010120120212102102102021
010120120212102120102102
010120120212120120102021
010120120212121010212121
010120121010120121012012
010120121010120210210121
010120121010121021012102
010120121010121021020121
010120121010121021210102
010120121010121201012021
010120121010201021020102
010120121010201212010121
010120121010202021020202
010120121010202121020212
010120121010202121021202
010120121010210121021012
010120121010210210120121
010120121010212021020212
010120121010212021021202
010120121010212101021012
010120121010212120120202
010120121010212121021212
010120121012010120121021
010120121012012020210212
010120121012012021201202
010120121012012120201202
010120121012012121201212
010120121012020120212012
010120121012020121202012
010120121012020210202121
010120121012020210212021
010120121012021010210121
010120121012021020212102
010120121012021021202102
010120121012021201202021
010120121012021210212121
010120121012101021012102
010120121012101021020121
010120121012101021210102
010120121012101201012021
010120121012102012010121
010120121012102021210202
010120121012102120210202
010120121012102121210212
010120121012120120202102
010120121012120121212012
010120121012120201202021
010120121012120210212121
010120121012121021212102
010120121012121201202121
010120121012121201212021
010120121020101212010121
010120121020102021020202
010120121020102121020212
010120121020102121021202
010120121020120120210212
010120121020120121201202
010120121020120201212012
010120121020120202102121
010120121020120210212102
010120121020120212012021
010120121020121012010121
010120121020121021210202
010120121020121201202102
010120121020121202012021
010120121020121212012121
010120121020201021020202
010120121020201201210212
010120121020201202120121
010120121020201212012102
010120121020201212020121
010120121020202012010202
010120121020202012020102
010120121020202101021212
010120121020210120120212
010120121020210120121202
010120121020210201201212
010120121020210202121021
010120121020210210210212
010120121020210212012012
010120121020210212102102
010120121020212012010212
010120121020212012120102
010120121020212102021012
010120121020212102101202
010120121021012020120212
010120121021012020121202
010120121021012120121212
010120121021020120201212
010120121021020210212012
010120121021020212102021
010120121021021020210212
010120121021021021201202
010120121021021201202012
010120121021021202102021
010120121021021210202102
010120121021021212102121
010120121021201021020212
010120121021201021021202
010120121021201201201202
010120121021201202012012
010120121021201202102102
010120121021201210210202
010120121021201212120121
010120121021202012010212
010120121021202012120102
010120121021202102021012
010120121021202102101202
010120121021210120121212
010120121021210202102012
010120121021210210201202
010120121021210212121021
010120121021212010120202
010120121021212102101212
010120121021212102121012
010120121201012020201212
010120121201021020212012
010120121201021021202012
010120121201021210202021
010120121201201020210212
010120121201201021201202
010120121201201201202012
010120121201201202102021
010120121201201210202102
010120121201201212102121
010120121201202010210212
010120121201202012012012
010120121201202012102102
010120121201202021021012
010120121201202102102012
010120121201202120101202
010120121201210210202012
010120121201212010201202
010120121201212012121021
010120121201212020101202
010120121201212120101212
010120121201212120121012
010120121202012010212012
010120121202012012102021
010120121202012120102012
010120121202021010202121
010120121202021010212021
010120121202021020102121
010120121202101020212102
010120121202101021202102
010120121202101201202021
010120121202101210212121
010120121202102010212102
010120121202102012012021
010120121202102020120121
010120121202102021012012
010120121202102101202012
010120121202102102102021
010120121202102120102102
010120121202120120102021
010120121202121010212121
010120121210102012010121
010120121210102021210202
010120121210102120210202
010120121210102121210212
010120121210120120202102
010120121210120121212012
010120121210120201202021
010120121210120210212121
010120121210121021212102
010120121210121201202121
010120121210121201212021
010120121210201021210202
010120121210201201202102
010120121210201202012021
010120121210201212012121
010120121210202012012102
010120121210202012020121
010120121210202021010212
010120121210202101201202
010120121210202102012012
010120121210202102102102
010120121210202120120102
010120121210210120201202
010120121210210121201212
010120121210210201202012
010120121210210202102021
010120121210210210202102
010120121210210212102121
010120121210212010210202
010120121210212012120121
010120121210212020120102
010120121210212101201212
010120121210212121021012
010120121212010120202012
010120121212010210202021
010120121212012010202102
010120121212012012102121
010120121212012020102102
010120121212020120102021
010120121212021010212121
010120121212101021212102
010120121212101201202121
010120121212101201212021
010120121212102012012121
010120121212102020210102
010120121212102101212012
010120121212102102102121
010120121212102120120121
010120121212102121012012
010120121212120120102121
010120121212121020210121
010120121212121021012021
010120201012020120201202
010120201012020121201212
010120201012020201202012
010120201012020202102021
010120201012020210202102
010120201012020212102121
010120201012021020210202
010120201012021021210212
010120201012021201212012
010120201012021202102121
010120201012021210212102
010120201012021212012021
010120201012101021020102
010120201012101212010121
010120201012102021020202
010120201012102121020212
010120201012102121021202
010120201012120120210212
010120201012120121201202
010120201012120201212012
010120201012120202102121
010120201012120210212102
010120201012120212012021
010120201012121012010121
010120201012121021210202
010120201012121201202102
010120201012121202012021
010120201012121212012121
010120201020102102020212
010120201020102102021202
010120201020102102120202
010120201020120120120202
010120201020120121021212
010120201020120201201202
010120201020120202012012
010120201020120202102102
010120201020120210210202
010120201020120212120121
010120201020121021020202
010120201020121201210212
010120201020121202120121
010120201020121212012102
010120201020121212020121
010120201020201201020212
010120201020201201021202
010120201020201202010212
010120201020201202120102
010120201020201212010202
010120201020201212020102
010120201020210102121212
010120201020210202021012
010120201020210202101202
010120201020210210120202
010120201021012012021212
010120201021012012120212
010120201021012012121202
010120201021020120121212
010120201021020202102012
010120201021020210201202
010120201021021020120202
010120201021021021021212
010120201021021201201212
010120201021021210210212
010120201021021212012012
010120201021021212102102
010120201021201012020202
010120201021201201021212
010120201021201212010212
010120201021201212120102
010120201021210202101212
010120201021210202121012
010120201021210210120212
010120201021210210121202
010120201021210212021012
010120201021210212101202
010120201201012020121212
010120201201020210202012
010120201201021020201202
010120201201021021201212
010120201201021210212012
010120201201021212102021
010120201201201020120202
010120201201201021021212
010120201201201201201212
010120201201201210210212
010120201201201212012012
010120201201201212102102
010120201201202010120202
010120201201202102101212
010120201201202102121012
010120201201210210201212
010120201201210212102012
010120201201212010120212
010120201201212010121202
010120201201212012021012
010120201201212012101202
010120201202010210202012
010120201202012010201202
010120201202012120101212
010120201202012120121012
010120201202020120102012
010120201202021010202102
010120201202021012102121
010120201202021020102102
010120201202021210102121
010120201202101020210202
010120201202101021210212
010120201202101201212012
010120201202101202102121
010120201202101210212102
010120201202101212012021
010120201202102010210202
010120201202102012120121
010120201202102020120102
010120201202102101201212
010120201202102121021012
010120201202120210102121
010120201202121010212102
010120201202121012012021
010120201202121020120121
010120201202121021012012
010120201210101212010121
010120201210102021020202
010120201210102121020212
010120201210102121021202
010120201210120120210212
010120201210120121201202
010120201210120201212012
010120201210120202102121
010120201210120210212102
010120201210120212012021
010120201210121012010121
010120201210121021210202
010120201210121201202102
010120201210121202012021
010120201210121212012121
010120201210201021020202
010120201210201201210212
010120201210201202120121
010120201210201212012102
010120201210201212020121
010120201210202012010202
010120201210202012020102
010120201210202101021212
010120201210210120120212
010120201210210120121202
010120201210210201201212
010120201210210210210212
010120201210210212012012
010120201210210212102102
010120201210212012010212
010120201210212012120102
010120201210212102021012
010120201210212102101202
010120201212010210212012
010120201212010212102021
010120201212012010210212
010120201212012012012012
010120201212012012102102
010120201212012021021012
010120201212012102102012
010120201212020210102121
010120201212021010212102
010120201212021012012021
010120201212021020120121
010120201212021021012012
010120201212101021210202
010120201212101201202102
010120201212101202012021
010120201212101212012121
010120201212102012012102
010120201212102012020121
010120201212102021010212
010120201212102101201202
010120201212102102012012
010120201212102102102102
010120201212102120120102
010120201212120120102102
010120201212121012012121
010120201212121020210102
010120201212121210210121
010120202010120202012012
010120202010120202102102
010120202010120210210202
010120202010120212120121
010120202010121021020202
010120202010121201210212
010120202010121202120121
010120202010121212012102
010120202010121212020121
010120202010201201020212
010120202010201201021202
010120202010201202010212
010120202010201202120102
010120202010201212010202
010120202010201212020102
010120202010210202021012
010120202010210202101202
010120202010210210120202
010120202012010202102012
010120202012010210201202
010120202012012102101212
010120202012012102121012
010120202012020102102012
010120202012020210102102
010120202012021010210202
010120202012021012120121
010120202012021020120102
010120202012021210120121
010120202012101021020202
010120202012101201210212
010120202012101202120121
010120202012101212012102
010120202012101212020121
010120202012102012010202
010120202012102012020102
010120202012120121021012
010120202012120210120121
010120202012121012012102
010120202012121012020121
010120202020101202120102
010120202020101212010202
010120202020101212020102
010120202020120102021012
010120202020120102101202
010120202020120201021012
010120202020120210120102
010120202020121012010202
010120202020121012020102
010120202020201202020212
010120202020201202021202
010120202020201202120202
010120202020201212020202
010120202020210202121212
010120202020210212021212
010120202020210212120212
010120202020210212121202
010120202021010210121212
010120202021010212101212
010120202021201202021212
010120202021201202120212
010120202021201202121202
010120202021201212020212
010120202021201212021202
010120202021201212120202
010120202021210212121212
010120202101021020121212
010120202101021210201212
010120202101201012021212
010120202101201012120212
010120202101201012121202
010120202101201202101212
010120202101201202121012
010120202101201210120212
010120202101201210121202
010120202101201212021012
010120202101201212101202
010120202102012010121212
010120202102012012101212
010120202102012012121012
010120202102101201201212
010120202102101210210212
010120202102101212012012
010120202102101212102102
010120202102102102101212
010120202102102102121012
010120202102120120101212
010120202102120120121012
010120202102121010210212
010120202102121012012012
010120202102121012102102
010120202102121021021012
010120202102121210102102
010120202120101212010212
010120202120101212120102
010120202120120102101212
010120202120120102121012
010120202120121012010212
010120202120121012120102
010120202120121201021012
010120202120121210120102
010120202120201202021212
010120202120201202120212
010120202120201202121202
010120202120201212020212
010120202120201212021202
010120202120201212120202
010120202120210212121212
010120202121020210121012
010120202121021012021012
010120202121021012101202
010120202121201202121212
010120202121201212021212
010120202121201212120212
010120202121201212121202
010120210102102020121212
010120210102121020201212
010120210120102012021212
010120210120102012120212
010120210120102012121202
010120210120120210201212
010120210120120212102012
010120210120121020120212
010120210120121020121202
010120210120121202102012
010120210120121210201202
010120210120201012021212
010120210120201012120212
010120210120201012121202
010120210120201202101212
010120210120201202121012
010120210120201210120212
010120210120201210121202
010120210120201212021012
010120210120201212101202
010120210121201012121212
010120210121201210121212
010120210121201212101212
010120210121201212121012
010120210201201020121212
010120210201201210201212
010120210201201212102012
010120210201202010121212
010120210201202012101212
010120210201202012121012
010120210202021020102012
010120210202101210212012
010120210202102010201202
010120210202102120101212
010120210202102120121012
010120210202121010212012
010120210210120120201212
010120210210120210212012
010120210210121020210212
010120210210121021201202
010120210210121201202012
010120210210121210202102
010120210210121212102121
010120210210201020120202
010120210210201021021212
010120210210201201201212
010120210210201210210212
010120210210201212012012
010120210210201212102102
010120210210202102101212
010120210210202102121012
010120210210210210201212
010120210210210212102012
010120210210212010120212
010120210210212010121202
010120210210212012021012
010120210210212012101202
010120210212012010201212
010120210212012012102012
010120210212012020101212
010120210212012020121012
010120210212021010212012
010120210212101020210212
010120210212101021201202
010120210212101201202012
010120210212101210202102
010120210212101212102121
010120210212102010210212
010120210212102012012012
010120210212102012102102
010120210212102021021012
010120210212102102102012
010120210212120120102012
010120210212121010202102
010120210212121012102121
010120210212121020102102
010120210212121210102121
010120212010120212012012
010120212010120212102102
010120212010121021020212
010120212010121021021202
010120212010121201201202
010120212010121202012012
010120212010121202102102
010120212010121210210202
010120212010121212120121
010120212010201201021212
010120212010201212010212
010120212010201212120102
010120212010210202101212
010120212010210202121012
010120212010210210120212
010120212010210210121202
010120212010210212021012
010120212010210212101202
010120212012010210201212
010120212012010212102012
010120212012012010121202
010120212012012012021012
010120212012012012101202
010120212012020120101212
010120212012020120121012
010120212012021012012012
010120212012021012102102
010120212012021021021012
010120212012021210102102
010120212012101021020212
010120212012101021021202
010120212012101201201202
010120212012101202012012
010120212012101202102102
010120212012101210210202
010120212012101212120121
010120212012102012010212
010120212012102012120102
010120212012102102021012
010120212012102102101202
010120212012120102102012
010120212012120210102102
010120212012121010210202
010120212012121012120121
010120212012121020120102
010120212012121210120121
010120212020101212010212
010120212020101212120102
010120212020120102101212
010120212020120102121012
010120212020121012010212
010120212020121012120102
010120212020121201021012
010120212020121210120102
010120212020201202021212
010120212020201202120212
010120212020201202121202
010120212020201212020212
010120212020201212021202
010120212020201212120202
010120212020210212121212
010120212021020210121012
010120212021021012021012
010120212021021012101202
010120212021201202121212
010120212021201212021212
010120212021201212120212
010120212021201212121202
010120212101201012121212
010120212101201210121212
010120212101201212101212
010120212101201212121012
010120212102021012102012
010120212102021020101212
010120212102021020121012
010120212102021210102012
010120212102101202102012
010120212102101210201202
010120212102102010121202
010120212102102012021012
010120212102102012101202
010120212102121010201202
010120212120101210120202
010120212120201202121212
010120212120201212021212
010120212120201212120212
010120212120201212121202
010120212121021012101212
010120212121021012121012
010120212121021210101212
010120212121021210121012
010120212121201212121212
010121010210121010212012
010121010210202020121212
010121010212102020201212
010121012010121012012012
010121012010121012102102
010121012010121021021012
010121012010121210102102
010121012010202012021212
010121012010202012120212
010121012010202012121202
010121012010210210121012
010121012010212012121212
010121012012021020201212
010121012012021210202012
010121012012101012102102
010121012012101021021012
010121012012101210102102
010121012012102020120212
010121012012102020121202
010121012012102120121212
010121012012120210202012
010121012012121020201202
010121012012121021201212
010121012012121210212012
010121012020102012021212
010121012020102012120212
010121012020102012121202
010121012020120210201212
010121012020120212102012
010121012020121020120212
010121012020121020121202
010121012020121202102012
010121012020121210201202
010121012020201012120212
010121012020201012121202
010121012020201202101212
010121012020201202121012
010121012020201210120212
010121012020201210121202
010121012020201212021012
010121012020201212101202
010121012021201012121212
010121012021201210121212
010121012021201212101212
010121012021201212121012
010121012120102012121212
010121012120121020121212
010121012120121210201212
010121012120121212102012
010121012120201012121212
010121012120201210121212
010121012120201212101212
010121012120201212121012
010121020120102020121212
010121020120121020201212
010121020120121210202012
010121020120201020121212
010121020120201210201212
010121020120201212102012
010121020120202010121212
010121020120202012101212
010121020120202012121012
010121020202102010202012
010121020202102020102012
010121020210121020212012
010121020210121021202012
010121020210201020201202
010121020210201021201212
010121020210201210212012
010121020210202010201202
010121020210202120101212
010121020210202120121012
010121020210212010201212
010121020210212012102012
010121020210212020101212
010121020210212020121012
010121020212101020212012
010121020212101021202012
010121020212102010212012
010121020212102120102012
010121021012012020201212
010121021012021020212012
010121021012021021202012
010121021012102020210212
010121021012102021201202
010121021012102120201202
010121021012102121201212
010121021012120120202012
010121021012121020202102
010121021012121021212012
010121021012121210202121
010121021020102020120202
010121021020102021021212
010121021020102120120212
010121021020102120121202
010121021020120120201212
010121021020120210212012
010121021020121020210212
010121021020121021201202
010121021020121201202012
010121021020121210202102
010121021020121212102121
010121021020201020120202
010121021020201021021212
010121021020201201201212
010121021020201210210212
010121021020201212012012
010121021020201212102102
010121021020202102101212
010121021020202102121012
010121021020210210201212
010121021020210212102012
010121021020212010121202
010121021020212012021012
010121021020212012101202
010121021021021020201212
010121021021021210202012
010121021021201020120212
010121021021201020121202
010121021021201202102012
010121021021201210201202
010121021021202010121202
010121021021202012021012
010121021021202012101202
010121021021212010121212
010121021021212012101212
010121021021212012121012
010121021201201020201212
010121021201201210202012
010121021201202010201212
010121021201202012102012
010121021201202020101212
010121021201202020121012
010121021202102010212012
010121021202102120102012
010121021210102020210212
010121021210102021201202
010121021210102120201202
010121021210102121201212
010121021210120120202012
010121021210121020202102
010121021210121021212012
010121021210121210202121
010121021210201020210212
010121021210201021201202
010121021210201201202012
010121021210201210202102
010121021210201212102121
010121021210202010210212
010121021210202012012012
010121021210202012102102
010121021210202021021012
010121021210202102102012
010121021210210210202012
010121021210212010201202
010121021210212120101212
010121021210212120121012
010121021212012010202012
010121021212012020102012
010121021212101020202102
010121021212101021212012
010121021212101210202121
010121021212102010202102
010121021212102012102121
010121021212102020102102
010121021212121010202121
010121021212121020102121
010121201012120120201202
010121201012120121201212
010121201012120201202012
010121201012120210202102
010121201012120212102121
010121201012121020210202
010121201012121021210212
010121201012121201212012
010121201012121202102121
010121201012121210212102
010121201020102012020202
010121201020102102021212
010121201020102102120212
010121201020102102121202
010121201020120120120212
010121201020120120121202
010121201020120201201212
010121201020120210210212
010121201020120212012012
010121201020120212102102
010121201020121021020212
010121201020121021021202
010121201020121201201202
010121201020121202012012
010121201020121202102102
010121201020121210210202
010121201020201201021212
010121201020201212010212
010121201020201212120102
010121201020210202101212
010121201020210202121012
010121201020210210120212
010121201020210210121202
010121201020210212021012
010121201020210212101202
010121201021012012121212
010121201021020210201212
010121201021020212102012
010121201021021020120212
010121201021021020121202
010121201021021202102012
010121201021021210201202
010121201021201012120202
010121201021201202021012
010121201021201202101202
010121201021201210120202
010121201021210210121212
010121201021210212101212
010121201021210212121012
010121201201021020201212
010121201201021210202012
010121201201201020120212
010121201201201020121202
010121201201201202102012
010121201201201210201202
010121201201202010121202
010121201201202012021012
010121201201202012101202
010121201201212010121212
010121201201212012101212
010121201201212012121012
010121201202012010201212
010121201202012012102012
010121201202012020121012
010121201202101201202012
010121201202101210202102
010121201202101212102121
010121201202102010210212
010121201202102012012012
010121201202102012102102
010121201202102021021012
010121201202102102102012
010121201202120120102012
010121201202121010202102
010121201202121012102121
010121201202121020102102
010121201210120120201202
010121201210120121201212
010121201210120201202012
010121201210120210202102
010121201210120212102121
010121201210121020210202
010121201210121021210212
010121201210121201212012
010121201210121210212102
010121201210201021020212
010121201210201021021202
010121201210201201201202
010121201210201202012012
010121201210201202102102
010121201210201210210202
010121201210202012010212
010121201210202012120102
010121201210202102021012
010121201210202102101202
010121201210210120121212
010121201210210202102012
010121201210210210201202
010121201210212102101212
010121201210212102121012
010121201212010210202012
010121201212012010201202
010121201212012120121012
010121201212020120102012
010121201212021020102102
010121201212101020210202
010121201212101021210212
010121201212101201212012
010121201212101210212102
010121201212102010210202
010121201212102020120102
010121201212102101201212
010121201212102121021012
010121201212121010212102
010121201212121021012012
010121202010121202012012
010121202010121202102102
010121202010121210210202
010121202010201201021212
010121202010201212010212
010121202010201212120102
010121202010210202101212
010121202010210202121012
010121202010210210120212
010121202010210210121202
010121202010210212021012
010121202010210212101202
010121202012010210201212
010121202012010212102012
010121202012012012021012
010121202012012012101202
010121202012020120121012
010121202012021012012012
010121202012021012102102
010121202012021021021012
010121202012021210102102
010121202012101201201202
010121202012101202012012
010121202012101202102102
010121202012101210210202
010121202012102012010212
010121202012102012120102
010121202012102102021012
010121202012102102101202
010121202012120102102012
010121202012121010210202
010121202012121020120102
010121202020101212120102
010121202020120102101212
010121202020120102121012
010121202020121012010212
010121202020121012120102
010121202020121201021012
010121202020121210120102
010121202020201202021212
010121202020201202120212
010121202020201202121202
010121202020201212020212
010121202020201212021202
010121202020201212120202
010121202020210212121212
010121202021020210121012
010121202021021012021012
010121202021021012101202
010121202021201202121212
010121202021201212021212
010121202021201212120212
010121202021201212121202
010121202101201012121212
010121202101201210121212
010121202101201212101212
010121202101201212121012
010121202102021012102012
010121202102021020121012
010121202102101202102012
010121202102101210201202
010121202102102012021012
010121202102102012101202
010121202120201202121212
010121202120201212021212
010121202120201212120212
010121202120201212121202
010121202121021012101212
010121202121021012121012
010121202121021210121012
010121202121201212121212
010121210120102012121212
010121210120121020121212
010121210120121210201212
010121210120121212102012
010121210120201012121212
010121210120201210121212
010121210120201212101212
010121210120201212121012
010121210202101210202012
010121210202102010201212
010121210202102012102012
010121210202102020121012
010121210202121020102012
010121210210120210202012
010121210210121020201202
010121210210121021201212
010121210210121210212012
010121210210201020120212
010121210210201020121202
010121210210201202102012
010121210210201210201202
010121210210202012021012
010121210210202012101202
010121210210212010121212
010121210210212012101212
010121210210212012121012
010121210212021020102012
010121210212101210212012
010121210212102010201202
010121210212102120121012
010121210212121010212012
010121212010121212012012
010121212010121212102102
010121212010201202021012
010121212010201202101202
010121212010201210120202
010121212010210210121212
010121212010210212101212
010121212010210212121012
010121212012012012101212
010121212012012012121012
010121212012101201201212
010121212012101210210212
010121212012101212012012
010121212012101212102102
010121212012102102101212
010121212012102102121012
010121212012120120121012
010121212012121012012012
010121212012121012102102
010121212012121021021012
010121212012121210102102
010121212020201202121212
010121212020201212021212
010121212020201212120212
010121212020201212121202
010121212021021012101212
010121212021021012121012
010121212021021210121012
010121212021201212121212
010121212102101210201212
010121212102101212102012
010121212102102012101212
010121212102102012121012
010121212102121012102012
010121212102121020121012
010121212120120210121012
010121212120121012021012
010121212120121012101202
010121212120201212121212
010201020120102020201212
010201020120121020202012
010201020120201020201212
010201020120201210202012
010201020120202010201212
010201020120202012102012
010201020120202020121012
010201020210201020212012
010201020210201021202012
010201020210202010212012
010201020210202120102012
010201020210212010202012
010201020210212020102012
010201021012012020202012
010201021012102021212012
010201021012102120212012
010201021012102121202012
010201021020102020210212
010201021020102121201212
010201021020120120202012
010201021020121021212012
010201021020201020210212
010201021020201201202012
010201021020202010210212
010201021020202012012012
010201021021201021201212
010201021021201210212012
010201021021212010201212
010201201020120120201202
010201201020120121201212
010201201020120201202012
010201201020120210202102
010201201020121020210202
010201201020121021210212
010201201020121201212012
010201201020121210212102
010201201020201021020212
010201201020201021021202
010201201020201201201202
010201201020201202012012
010201201020201202102102
010201201020201210210202
010201201020202012010212
010201201020202102021012
010201201020202102101202
010201201020210120121212
010201201020210202102012
010201201020210210201202
010201201020212102101212
010201201020212102121012
010201201021012020121212
010201201021020210202012
010201201021021020201202
010201201021021021201212
010201201021021210212012
010201201021201020120202
010201201021201021021212
010201201021201201201212
010201201021201210210212
010201201021201212012012
010201201021201212102102
010201201021202102101212
010201201021202102121012
010201201021210210201212
010201201021210212102012
010201201021212012021012
010201201021212012101202
010201201201021020202012
010201201201201020201202
010201201201201021201212
010201201201201210212012
010201201201202010201202
010201201201202120121012
010201201201212010201212
010201201201212012102012
010201201201212020121012
010201201202012010202012
010201201202102010202102
010201201210120120212012
010201201210120121202012
010201201210121020212102
010201201210121021202102
010201201210201020210202
010201201210201021210212
010201201210201201212012
010201201210201210212102
010201201210202010210202
010201201210202101201212
010201201210202121021012
010201201210210120201212
010201201210210210212012
010201201210212010210212
010201201210212012012012
010201201210212012102102
010201201210212021021012
010201201210212102102012
010201201212012010212012
010201201212102010212102
010201201212102021012012
010201201212102101202012
010201202010201202012012
010201202010201210210202
010201202010202012010212
010201202010202102021012
010201202010202102101202
010201202010210120121212
010201202010210202102012
010201202010210210201202
010201202010212102101212
010201202010212102121012
010201202012010210202012
010201202012012120121012
010201202012101201212012
010201202012101210212102
010201202012102010210202
010201202012102101201212
010201202012102121021012
010201202012121021012012
010201202020102102021012
010201202020102102101202
010201202020120102102012
010201202020201201021012
010201202020202012020212
010201202020202012021202
010201202020202012120202
010201202020202102121212
010201202020212012021212
010201202020212012120212
010201202020212012121202
010201202021012012101212
010201202021012012121012
010201202021202012021212
010201202021202012120212
010201202021202012121202
010201202021210210121012
010201202021212012121212
010201202101201020121212
010201202101201210201212
010201202101201212102012
010201202101202012101212
010201202101202012121012
010201202102101210212012
010201202102102120121012
010201202120102102101212
010201202120102102121012
010201202120120120121012
010201202120121012012012
010201202120121021021012
010201202120202012021212
010201202120202012120212
010201202120202012121202
010201202120210210121012
010201202120212012121212
010201202121021012102012
010201202121021020121012
010201202121202012121212
010201210120102020121212
010201210120121020201212
010201210120121210202012
010201210120201020121212
010201210120201210201212
010201210120201212102012
010201210120202012101212
010201210120202012121012
010201210210121020212012
010201210210121021202012
010201210210201210212012
010201210210202120121012
010201210210212010201212
010201210210212012102012
010201210210212020121012
010201210212102010212012
010201212010201212012012
010201212010202102101212
010201212010202102121012
010201212010210210201212
010201212010210212102012
010201212010212012021012
010201212010212012101202
010201212012012012102012
010201212012012020121012
010201212012101201202012
010201212012102012012012
010201212012102021021012
010201212012102102102012
010201212020102102101212
010201212020102102121012
010201212020120120121012
010201212020121012012012
010201212020121021021012
010201212020202012021212
010201212020202012120212
010201212020202012121202
010201212020210210121012
010201212020212012121212
010201212021021012102012
010201212021021020121012
010201212021202012121212
010201212102101210202012
010201212102102012102012
010201212102102020121012
010201212120202012121212
010201212121201210121012
010202010210202010212012
010202012010202012012012
010202012010202021021012
010202012010202102102012
010202012010210210202012
010202012010212120121012
010202012020102021021012
010202012020102102102012
010202012020201021021012
010202012020202020120212
010202012020202020121202
010202012020202120121212
010202012020212020121212
010202012021202020121212
010202012120102120121012
010202012120202020121212
010202020120202020201212
010202020210202020212012
010202020210202021202012
010202020210202120202012
010202020210212020202012
010202021020202020210212
010202021020202021201202
010202021020202120201202
010202021020202121201212
010202021020212020201202
010202021020212021201212
010202021020212120201212
010202021021202020201202
010202021021202021201212
010202021021202120201212
010202021021212020201212
010202021201202020202012
010202021210202021212012
010202021210202120212012
010202021210202121202012
010202021210212020212012
010202021210212021202012
010202021210212120202012
010202101201201021212012
010202101201212010212012
010202101210202101212012
010202101210202121012012
010202101210210120212012
010202101210210121202012
010202101210212021012012
010202101210212101202012
010202102012102101212012
010202102012102121012012
010202102020202021020212
010202102020202021021202
010202102020202121021212
010202102020212021021212
010202102020212120120212
010202102020212120121202
010202102021012120121012
010202102021202021021212
010202102021202120120212
010202102021202120121202
010202102021210120121012
010202102021212020120212
010202102021212020121202
010202102021212120121212
010202102101201021201212
010202102101201210212012
010202102101202120121012
010202102101212012102012
010202102101212020121012
010202102120102101201212
010202102120102121021012
010202102120121021012012
010202102120202021021212
010202102120202120120212
010202102120202120121202
010202102120210120121012
010202102120212020120212
010202102120212020121202
010202102120212120121212
010202102121012012102012
010202102121012020121012
010202102121201021021012
010202102121202020120212
010202102121202020121202
010202102121202120121212
010202102121212020121212
010202120120202021201212
010202120120202120201212
010202120120212020201212
010202120121202020201212
010202120201202020202012
010202120210202021212012
010202120210202120212012
010202120210202121202012
010202120210212020212012
010202120210212021202012
010202120210212120202012
010202121020202021210212
010202121020202120210212
010202121020212020210212
010202121020212121201212
010202121021012010212012
010202121021201021012012
010202121021202020210212
010202121021202121201212
010202121021212021201212
010202121021212120201212
010202121201202020212012
010202121201202021202012
010202121201202120202012
010202121201212020202012
010202121210202121212012
010202121210212021212012
010202121210212120212012
010202121210212121202012
010210120102102021212012
010210120102102120212012
010210120120102120210212
010210120120120120212012
010210120120120121202012
010210120120201201212012
010210120120202101201212
010210120120202121021012
010210120120210120201212
010210120120210210212012
010210120120212010210212
010210120120212012012012
010210120120212021021012
010210120120212102102012
010210120121012020201212
010210120121021020212012
010210120121021021202012
010210120121201201202012
010210120121202012012012
010210120121202102102012
010210120121210210202012
010210120121212120121012
010210120201201021212012
010210120201212010212012
010210120210202101212012
010210120210202121012012
010210120210210120212012
010210120210210121202012
010210120210212021012012
010210120210212101202012
010210121012012121212012
010210121020202101210212
010210121020210120210212
010210121020210201212012
010210121020212102012012
010210121021012020210212
010210121021012121201212
010210121021020120212012
010210121021020121202012
010210121021202102012012
010210121021210121201212
010210121021210201202012
010210121021212101201212
010210121201202021012012
010210121201202101202012
010210121201210120202012
010210121210210121212012
010210121210212101212012
010210121210212121012012
010210201201021021212012
010210201201201021210212
010210201201201201212012
010210201201202101201212
010210201201210120201212
010210201201210210212012
010210201201212010210212
010210201201212012012012
010210201201212102102012
010210201202102101212012
010210201202102121012012
010210201210202101210212
010210201210210120210212
010210201210210201212012
010210201210212102012012
010210201212012021012012
010210201212012101202012
010210202012012101201212
010210202012102101210212
010210202012120121012012
010210202020202102020212
010210202020212102021212
010210202020212102120212
010210202021012102101212
010210202021202102021212
010210202021202102120212
010210202021212012020212
010210202021212102121212
010210202101201201201212
010210202101201210210212
010210202101201212012012
010210202101202102101212
010210202101210210201212
010210202102101201212012
010210202102102101201212
010210202102121021012012
010210202120202102021212
010210202120202102120212
010210202120212012020212
010210202120212102121212
010210202121021012012012
010210202121202012020212
010210202121202102121212
010210202121212012021212
010210202121212012120212
010210210120120120201212
010210210120120210212012
010210210120121020210212
010210210120201201201212
010210210120201210210212
010210210120201212012012
010210210120202102101212
010210210120210210201212
010210210121021020201212
010210210121212012101212
010210210201201210212012
010210210210120120212012
010210210210201201212012
010210210210202101201212
010210210210210120201212
010210210210210210212012
010210210210212010210212
010210210210212012012012
010210210212012010212012
010210212010212012010212
010210212020202102021212
010210212020202102120212
010210212020212012020212
010210212020212102121212
010210212021202012020212
010210212021202102121212
010210212021212012021212
010210212021212012120212
010210212101212012101212
010210212120202012020212
010210212120202102121212
010210212120212012021212
010210212120212012120212
010210212121012012101212
010210212121202012021212
010210212121202012120212
010210212121212012121212
010212012020202021021212
010212012020202120120212
010212012020212020120212
010212012020212120121212
010212012021202020120212
010212012021202120121212
010212012021212020121212
010212012120202020120212
010212012120202120121212
010212012120212020121212
010212012121202020121212
010212020120202021201212
010212020120202120201212
010212020120212020201212
010212020121202020201212
010212021020212121201212
010212021021202121201212
010212021021212021201212
010212021021212120201212
010212102020212121021212
010212102021202121021212
010212102021212021021212
010212102120202121021212
010212102120212021021212
010212102121202021021212
010212102121212120121212
012012012012012012021021
012012012012012012102102
012012012012020120121021
012012012012021012012021
012012012012021020120121
012012012012021021021021
012012012012101201202102
012012012012101202012021
012012012012101212012121
012012012012102012012102
012012012012102012020121
012012012012102101201202
012012012012102102021021
012012012012102102102102
012012012012121012012121
012012012012121210210121
012012012020120210120121
012012012020121012012102
012012012020121012020121
012012012020202012020202
012012012020202102021212
012012012020202102120212
012012012020202102121202
012012012020212012020212
012012012020212012021202
012012012020212012120202
012012012020212102121212
012012012021012012101202
012012012021020210121021
012012012021021012021021
012012012021021012102102
012012012021202012020212
012012012021202012021202
012012012021202012120202
012012012021202102121212
012012012021212012021212
012012012021212012120212
012012012021212012121202
012012012101201210201202
012012012101201212121021
012012012101202012101202
012012012101212012101212
012012012102021012102021
012012012102021020121021
012012012102101202102021
012012012102101210202102
012012012102101212102121
012012012102102012021021
012012012102102012102102
012012012102121012102121
012012012120121012120121
012012012120121210120121
012012012120202012020212
012012012120202012021202
012012012120202012120202
012012012120202102121212
012012012120212012021212
012012012120212012120212
012012012120212012121202
012012012121012012101212
012012012121021012121021
012012012121021210121021
012012012121202012021212
012012012121202012120212
012012012121202012121202
012012012121212012121212
012012020120121012012021
012012020120121020120121
012012020120201210120121
012012020120202020120202
012012020120202021021212
012012020120202120120212
012012020120202120121202
012012020120210210121021
012012020120212020120212
012012020120212020121202
012012020120212120121212
012012020121021012102021
012012020121021020121021
012012020121202020120212
012012020121202020121202
012012020121202120121212
012012020121212020121212
012012020201202020201202
012012020201202021201212
012012020201202120201212
012012020201212020201212
012012020202021020202021
012012020202102020202102
012012020202121020202121
012012020202121020212021
012012020202121021202021
012012020210121020210121
012012020210121021012021
012012020210201210210121
012012020210202020210202
012012020210202021210212
012012020210202120210212
012012020210202121201202
012012020210210120121021
012012020210212020210212
012012020210212021201202
012012020210212120201202
012012020210212121201212
012012020212021020202121
012012020212021020212021
012012020212021021202021
012012020212102020212102
012012020212102021202102
012012020212102120202102
012012020212120120202021
012012020212121020212121
012012020212121021202121
012012020212121021212021
012012021012012102102021
012012021012021020210121
012012021012021021012021
012012021012101201212121
012012021012102021012102
012012021012102021020121
012012021012102101202102
012012021012102102012021
012012021012121021012121
012012021012121021210121
012012021020120210210121
012012021020121021012102
012012021020121021020121
012012021020202021020202
012012021020202121020212
012012021020202121021202
012012021020212021020212
012012021020212021021202
012012021020212120120202
012012021020212121021212
012012021021012012102102
012012021021202021020212
012012021021202021021202
012012021021202120120202
012012021021202121021212
012012021021212020120202
012012021021212021021212
012012021021212120120212
012012021021212120121202
012012021201202020210212
012012021201202021201202
012012021201202120201202
012012021201202121201212
012012021201212020201202
012012021201212021201212
012012021201212120201212
012012021202021020202121
012012021202021020212021
012012021202021021202021
012012021202102020212102
012012021202102021202102
012012021202102120202102
012012021202120120202021
012012021202121020212121
012012021202121021202121
012012021202121021212021
012012021210121021012121
012012021210121021210121
012012021210202021210202
012012021210202120210202
012012021210202121210212
012012021210212020210202
012012021210212021210212
012012021210212120210212
012012021210212121201202
012012021212012020202102
012012021212020120202021
012012021212021020212121
012012021212021021202121
012012021212021021212021
012012021212102021212102
012012021212102120212102
012012021212102121202102
012012021212120120202121
012012021212120120212021
012012021212120121202021
012012021212121021212121
012012101201210120201202
012012101201210121201212
012012101201210202102021
012012101201210210202102
012012101201210212102121
012012101201212012120121
012012101201212101201212
012012101201212102121021
012012101202012102102021
012012101202021020210121
012012101202101201212121
012012101202102021012102
012012101202102021020121
012012101202121021012121
012012101202121021210121
012012101210120121212102
012012101210120201212121
012012101210202101210202
012012101210202102012102
012012101210202102020121
012012101210210120210202
012012101210210121210212
012012101210210201202102
012012101210212101210212
012012101210212102120121
012012101212012102102121
012012101212021021210121
012012101212102101212102
012012101212102102012121
012012101212102121012102
012012101212102121020121
012012101212120120210121
012012101212120121012021
012012102012102101210202
012012102012102102012102
012012102012121201210121
012012102020202102020202
012012102020212102020212
012012102020212102021202
012012102020212102120202
012012102021202102020212
012012102021202102021202
012012102021202102120202
012012102021212012020202
012012102021212102021212
012012102021212102120212
012012102021212102121202
012012102101201210210202
012012102101201212120121
012012102101210120121212
012012102101212102101212
012012102120202102020212
012012102120202102021202
012012102120202102120202
012012102120212012020202
012012102120212102021212
012012102120212102120212
012012102120212102121202
012012102121021012120121
012012102121202012020202
012012102121202102021212
012012102121202102120212
012012102121202102121202
012012102121212012020212
012012102121212012021202
012012102121212012120202
012012102121212102121212
012012120120121210210121
012012120120202021020212
012012120120202021021202
012012120120202120120202
012012120120202121021212
012012120120212020120202
012012120120212021021212
012012120120212120120212
012012120120212120121202
012012120121012012121021
012012120121202020120202
012012120121202021021212
012012120121202120120212
012012120121202120121202
012012120121212020120212
012012120121212020121202
012012120121212120121212
012012120201202020210212
012012120201202021201202
012012120201202120201202
012012120201202121201212
012012120201212020201202
012012120201212021201212
012012120201212120201212
012012120202021020202121
012012120202021020212021
012012120202021021202021
012012120202102020212102
012012120202102021202102
012012120202102120202102
012012120202120120202021
012012120202121020212121
012012120202121021202121
012012120202121021212021
012012120210121021210121
012012120210202021210202
012012120210202120210202
012012120210202121210212
012012120210212020210202
012012120210212021210212
012012120210212120210212
012012120210212121201202
012012120212012020202102
012012120212020120202021
012012120212021020212121
012012120212021021202121
012012120212021021212021
012012120212102021212102
012012120212102120212102
012012120212102121202102
012012120212120120202121
012012120212120120212021
012012120212120121202021
012012120212121021212121
012012121012021021210121
012012121012102121012102
012012121012102121020121
012012121012120120210121
012012121012120121012021
012012121020121201210121
012012121020202121020202
012012121020212021020202
012012121020212121020212
012012121020212121021202
012012121021202021020202
012012121021202121020212
012012121021202121021202
012012121021212021020212
012012121021212021021202
012012121021212120120202
012012121021212121021212
012012121201202020210202
012012121201202021210212
012012121201202120210212
012012121201202121201202
012012121201212020210212
012012121201212021201202
012012121201212120201202
012012121201212121201212
012012121202012020202102
012012121202020120202021
012012121202021020212121
012012121202021021202121
012012121202021021212021
012012121202102021212102
012012121202102120212102
012012121202102121202102
012012121202120120202121
012012121202120120212021
012012121202120121202021
012012121202121021212121
012012121210202121210202
012012121210212021210202
012012121210212120210202
012012121210212121210212
012012121212012020212102
012012121212012021202102
012012121212012120202102
012012121212020120202121
012012121212020120212021
012012121212020121202021
012012121212021021212121
012012121212102121212102
012012121212120120212121
012012121212120121202121
012012121212120121212021
012020120201202020120202
012020120201202021021212
012020120201202120120212
012020120201202120121202
012020120201212020120212
012020120201212020121202
012020120201212120121212
012020120202012021201212
012020120202012120201212
012020120202020210202021
012020120202021020202102
012020120202021210202121
012020120202021210212021
012020120202102020210202
012020120202102021210212
012020120202102120210212
012020120202120210202121
012020120202120210212021
012020120202121020212102
012020120202121021202102
012020120202121201202021
012020120202121210212121
012020120210202021020202
012020120210202121020212
012020120210202121021202
012020120210212021020212
012020120210212021021202
012020120210212120120202
012020120210212121021212
012020120212012020210212
012020120212012121201212
012020120212020210202121
012020120212020210212021
012020120212021020212102
012020120212021021202102
012020120212021201202021
012020120212021210212121
012020120212102021210202
012020120212102120210202
012020120212102121210212
012020120212120120202102
012020120212120201202021
012020120212120210212121
012020120212121021212102
012020120212121201202121
012020120212121201212021
012020121012121201210121
012020121020202102020202
012020121020212102020212
012020121020212102021202
012020121020212102120202
012020121021202102020212
012020121021202102021202
012020121021202102120202
012020121021212012020202
012020121021212102021212
012020121021212102120212
012020121021212102121202
012020121201202021020212
012020121201202021021202
012020121201202120120202
012020121201202121021212
012020121201212020120202
012020121201212021021212
012020121201212120120212
012020121201212120121202
012020121202012020210212
012020121202012121201212
012020121202020210202121
012020121202020210212021
012020121202021020212102
012020121202021021202102
012020121202021201202021
012020121202021210212121
012020121202102021210202
012020121202102120210202
012020121202102121210212
012020121202120120202102
012020121202120201202021
012020121202120210212121
012020121202121021212102
012020121202121201202121
012020121202121201212021
012020121210121201210121
012020121210202121020202
012020121210212021020202
012020121210212121020212
012020121210212121021202
012020121212012020210202
012020121212012021210212
012020121212012120210212
012020121212020120202102
012020121212020201202021
012020121212020210212121
012020121212021021212102
012020121212021201202121
012020121212021201212021
012020121212102121210202
012020121212120120212102
012020121212120121202102
012020121212120201202121
012020121212120201212021
012020121212121201212121
012020201202020121201212
012020201202020212102121
012020201202021021210212
012020201202021202102121
012020201202021210212102
012020201202021212012021
012020201202102121020212
012020201202102121021202
012020201202120120210212
012020201202120202102121
012020201202120210212102
012020201202120212012021
012020201202121021210202
012020201202121201202102
012020201202121202012021
012020201202121212012121
012020201210212102020212
012020201210212102021202
012020201210212102120202
012020201212012021020212
012020201212012021021202
012020201212012121021212
012020201212020120210212
012020201212020202102121
012020201212020210212102
012020201212020212012021
012020201212021021210202
012020201212021201202102
012020201212021202012021
012020201212021212012121
012020201212102121020202
012020201212120120210202
012020201212120121210212
012020201212120201202102
012020201212120202012021
012020201212120212012121
012020201212121201212102
012020201212121202012121
012020202012020212120121
012020202012021201210212
012020202012021202120121
012020202012021212012102
012020202012021212020121
012020202012120121020212
012020202012120121021202
012020202012120201210212
012020202012120202120121
012020202012120212012102
012020202012120212020121
012020202012121201210202
012020202012121202012102
012020202012121202020121
012020202101210212121212
012020210120210212121212
012020210121201202121212
012020210121201212021212
012020210121201212120212
012020210121201212121202
012020210201212012121212
012020210212012120121212
012020210212102121021212
012020212012021212120121
012020212012120121021212
012020212012120212120121
012020212012121201210212
012020212012121202120121
012020212012121212012102
012020212012121212020121
012020212121020212101212
012020212121021202101212
012020212121021210120212
012020212121021210121202
012021012021201202121212
012021012021201212021212
012021012021201212120212
012021012021201212121202
012021012120201202121212
012021012120201212021212
012021012120201212120212
012021012120201212121202
012021012121201212121212
012021020120212012121212
012021020121202012121212
012021020212102121201212
012021021201202120121212
012021021201212020121212
012021021202102121201212
012021021210202121021212
012021021210212021021212
012021201202120121201212
012021201202120212102121
012021201202121021210212
012021201202121202102121
012021201202121210212102
012021201210212102021212
012021201210212102120212
012021201210212102121202
012021201212012120121202
012021201212020121201212
012021201212020212102121
012021201212021021210212
012021201212021202102121
012021201212021210212102
012021201212102121020212
012021201212102121021202
012021201212120210212102
012021201212121021210202
012021201212121212012121
012021202012021212120121
012021202012120121021212
012021202012120212120121
012021202012121201210212
012021202012121202120121
012021202012121212012102
012021202012121212020121
012021202121020212101212
012021202121021210121202
012021210121201212121212
012021210202121021201212
012021210212102120121202
012021210212121212102121
012021212012121212120121
012021212021020212101212
012021212102021210201212
012021212102121020121202
012021212120121012120202
012021212121021210121212
012021212121021212101212
012101212020201212021212
012101212020201212120212
012101212020201212121202
012101212021201212121212
012101212120201212121212
012102012120202012121212
012102021210202121201212
012102021210212021201212
012102021210212120201212
012102120121202020121212
012102121020202121021212
012102121021212120121212
012120121201212020121202
012120121201212120121212
012120121202021210202121
012120121202121020212102
012120121202121210212121
012120121210202121020212
012120121210202121021202
012120121210212121021212
012120121212021210212121
012120121212102021210202
012120121212102121210212
012120121212121021212102
012120201212121212012121
