0101010101201010101012
0101010102101010202012
0101010102101020102012
0101010102101020201012
0101010102102010102012
0101010120101010201202
0101010120101012121021
0101010120101020101202
0101010120101210121021
0101010120101212101021
0101010120102010101202
0101010120102020121212
0101010120121010121021
0101010120121020201212
0101010120121210202012
0101010120201010101202
0101010120201020121212
0101010120201210201212
0101010120201212102012
0101010120202010121212
0101010120202012101212
0101010120202012121012
0101010121201010101212
0101010121201010121012
0101010121201012101012
0101010121201210101012
0101010201201010102012
0101010201201010201012
0101010201201020101012
0101010202101020202012
0101010202102010202012
0101010202102020102012
0101010202102020201012
0101010210102021201212
0101010210102120201212
0101010210121020212012
0101010210121021202012
0101010210201021201212
0101010210201210212012
0101010210202120101212
0101010210212010201212
0101010210212020101212
0101012010101210120121
0101012010102010120102
0101012010102020120202
0101012010102021021212
0101012010102120120212
0101012010102120121202
0101012010120120201212
0101012010120210212012
0101012010120212102021
0101012010121010120121
0101012010121020210212
0101012010121021201202
0101012010121201202012
0101012010121202102021
0101012010121210202102
0101012010121212102121
0101012010201010120102
0101012010201020120202
0101012010201021021212
0101012010201201201212
0101012010201202121021
0101012010201210210212
0101012010201212012012
0101012010201212021021
0101012010201212102102
0101012010202010120202
0101012010202102101212
0101012010202102121012
0101012010210210201212
0101012010210212102012
0101012010212010120212
0101012010212010121202
0101012010212012021012
0101012010212012101202
0101012012012010201212
0101012012012012102012
0101012012012020101212
0101012012012020121012
0101012012021010212012
0101012012021012102021
0101012012021020121021
0101012012021021201012
0101012012021210102021
0101012012101010120121
0101012012101020210212
0101012012101021201202
0101012012101201202012
0101012012101202102021
0101012012101210202102
0101012012101212102121
0101012012102010210212
0101012012102012012012
0101012012102012102102
0101012012102021021012
0101012012102102102012
0101012012102120101202
0101012012120120102012
0101012012120120201012
0101012012120210102021
0101012012121010202102
0101012012121012102121
0101012012121020102102
0101012012121210102121
0101012020101020120202
0101012020101021021212
0101012020101201201212
0101012020101210210212
0101012020101212012012
0101012020101212102102
0101012020102010120202
0101012020102102101212
0101012020102102121012
0101012020120120101212
0101012020120120121012
0101012020121010210212
0101012020121012012012
0101012020121012102102
0101012020121021021012
0101012020121201201012
0101012020121210102102
0101012020201010120202
0101012020202012021212
0101012020202012120212
0101012020202012121202
0101012020210210101212
0101012020210210121012
0101012020210212101012
0101012020212012121212
0101012021021010201212
0101012021021012102012
0101012021021020101212
0101012021021020121012
0101012021021210102012
0101012021021210201012
0101012021201010120212
0101012021201010121202
0101012021201012021012
0101012021201012101202
0101012021201202101012
0101012021201210101202
0101012021202012121212
0101012101201010121012
0101012101201012101012
0101012102101020201212
0101012102101210202012
0101012102102010201212
0101012102102012102012
0101012102102020101212
0101012102102020121012
0101012102121010202012
0101012102121020102012
0101012102121020201012
0101012120101020120212
0101012120101020121202
0101012120101202102012
0101012120101210201202
0101012120102010120212
0101012120102010121202
0101012120102012021012
0101012120102012101202
0101012120120210102012
0101012120120210201012
0101012120121010201202
0101012120121020101202
0101012120201010121202
0101012120201012021012
0101012120201012101202
0101012120201202101012
0101012120201210101202
0101012120202012121212
0101012121201010121212
0101012121201012101212
0101012121201012121012
0101012121201210101212
0101012121201210121012
0101012121201212101012
0101020101201010201012
0101020102101020202012
0101020102102010202012
0101020102102020102012
0101020102102020201012
0101020120101020201202
0101020120101021201212
0101020120101210212012
0101020120102010201202
0101020120102020101202
0101020120102120101212
0101020120102120121012
0101020120121010212012
0101020120121021201012
0101020120201010201202
0101020120201020101202
0101020120202020121212
0101020120212010121012
0101020120212012101012
0101020121201010201212
0101020121201012102012
0101020121201020101212
0101020121201020121012
0101020121201210102012
0101020121201210201012
0101020121202010121012
0101020121202012101012
0101020201201010202012
0101020201201020102012
0101020201201020201012
0101020201202010201012
0101020202102020202012
0101020210102121201012
0101020210202020201202
0101020210202021201212
0101020210202120201212
0101020210212020201212
0101020212102020212012
0101020212102021202012
0101020212102120202012
0101021010120120212012
0101021010120121202012
0101021010201021210212
0101021010201201212012
0101021010202101201212
0101021010202121021012
0101021010210120201212
0101021010210210212012
0101021010212010210212
0101021010212012012012
0101021010212021021012
0101021010212102102012
0101021012012010212012
0101021012012120102012
0101021012102021012012
0101021012102101202012
0101021020101201212012
0101021020102101201212
0101021020121021012012
0101021020202021021212
0101021020202120120212
0101021020210120101212
0101021020212020120212
0101021020212120121212
0101021021012010201212
0101021021012020101212
0101021021021010212012
0101021021201010210212
0101021021202020120212
0101021021202120121212
0101021021212020121212
0101021201202020201212
0101021210202121201212
0101021210212021201212
0101201012010120201212
0101201012010210212012
0101201012010212102021
0101201012012010210212
0101201012012012012012
0101201012012012021021
0101201012012012102102
0101201012012021021012
0101201012012102102012
0101201012012120101202
0101201012020120121021
0101201012020210102121
0101201012021010212102
0101201012021012012021
0101201012021020120121
0101201012021021012012
0101201012021021021021
0101201012021201201021
0101201012101012010121
0101201012101021210202
0101201012101201202102
0101201012101202012021
0101201012101212012121
0101201012102012012102
0101201012102012020121
0101201012102021010212
0101201012102101201202
0101201012102102012012
0101201012102102021021
0101201012102102102102
0101201012102120120102
0101201012120101202012
0101201012120102102021
0101201012120120102102
0101201012120201201021
0101201012121012012121
0101201012121020210102
0101201012121210210121
0101201020101201210212
0101201020101202120121
0101201020101212012102
0101201020101212020121
0101201020102012010202
0101201020102012020102
0101201020102101021212
0101201020120101201212
0101201020120102121021
0101201020120121021012
0101201020120210120121
0101201020121012012102
0101201020121012020121
0101201020121021010212
0101201020121201012012
0101201020121201021021
0101201020121210210102
0101201020201012010202
0101201020201012020102
0101201020202012020202
0101201020202102021212
0101201020202102120212
0101201020202102121202
0101201020210102101212
0101201020210102121012
0101201020212012020212
0101201020212012021202
0101201020212012120202
0101201020212102121212
0101201021010210201212
0101201021012010120212
0101201021012010121202
0101201021012012021012
0101201021012012101202
0101201021020120101212
0101201021020120121012
0101201021020210121021
0101201021021010210212
0101201021021012012012
0101201021021012021021
0101201021021012102102
0101201021021021021012
0101201021021210102102
0101201021201012010212
0101201021201012120102
0101201021201201021012
0101201021201210120102
0101201021202012020212
0101201021202012021202
0101201021202012120202
0101201021202102121212
0101201021210210101202
0101201021212012021212
0101201021212012120212
0101201021212012121202
0101201201012012102012
0101201201012020101212
0101201201012020121012
0101201201021012102021
0101201201021020121021
0101201201021210102021
0101201201201012012012
0101201201201012021021
0101201201201012102102
0101201201201021021012
0101201201201210102102
0101201201202020120212
0101201201202020121202
0101201201202120121212
0101201201210210102012
0101201201212020121212
0101201202012010121021
0101201202012020201212
0101201202021020212012
0101201202021021202012
0101201202021210202021
0101201202101012012021
0101201202101020120121
0101201202101021012012
0101201202102010120121
0101201202102020210212
0101201202102021201202
0101201202102120201202
0101201202102121201212
0101201202120120202012
0101201202120210202021
0101201202121020202102
0101201202121021212012
0101201202121210202121
0101201202121210212021
0101201210101202012021
0101201210101212012121
0101201210102012012102
0101201210102012020121
0101201210102021010212
0101201210102101201202
0101201210102102012012
0101201210102102102102
0101201210102120120102
0101201210120101202012
0101201210120102102021
0101201210120120102102
0101201210121012012121
0101201210121020210102
0101201210121210210121
0101201210201012012102
0101201210201012020121
0101201210201210210102
0101201210202021020212
0101201210202021021202
0101201210202101021012
0101201210202120120202
0101201210202121021212
0101201210210102102012
0101201210210120101202
0101201210212020120202
0101201210212021021212
0101201210212120120212
0101201210212120121202
0101201212012020201202
0101201212012021201212
0101201212012120201212
0101201212020120202012
0101201212020210202021
0101201212021020202102
0101201212021021212012
0101201212021210202121
0101201212021210212021
0101201212101012012121
0101201212101020210102
0101201212101210210121
0101201212102020210202
0101201212102021210212
0101201212102120210212
0101201212102121201202
0101201212120120212012
0101201212120121202012
0101201212120210202121
0101201212120210212021
0101201212121010210121
0101201212121020212102
0101201212121021202102
0101201212121201202021
0101201212121210212121
0101202010120210120121
0101202010121012012102
0101202010121012020121
0101202010201012020102
0101202010202012020202
0101202010202102021212
0101202010202102120212
0101202010202102121202
0101202010212012020212
0101202010212012021202
0101202010212012120202
0101202010212102121212
0101202012012020120212
0101202012012020121202
0101202012012120121212
0101202012020120201212
0101202012020210212012
0101202012020212102021
0101202012021020210212
0101202012021021201202
0101202012021201202012
0101202012021202102021
0101202012021210202102
0101202012021212102121
0101202012101012020121
0101202012102021020212
0101202012102021021202
0101202012102120120202
0101202012102121021212
0101202012120120201202
0101202012120121201212
0101202012120201202012
0101202012120210202102
0101202012120212102121
0101202012121020210202
0101202012121021210212
0101202012121201212012
0101202012121202102121
0101202012121210212102
0101202012121212012021
0101202020102012020202
0101202020102102021212
0101202020102102120212
0101202020102102121202
0101202020120120120212
0101202020120120121202
0101202020120201201212
0101202020120210210212
0101202020120212012012
0101202020120212102102
0101202020121021020212
0101202020121021021202
0101202020121201201202
0101202020121202012012
0101202020121202102102
0101202020121210210202
0101202020121212120121
0101202020201012020202
0101202020201201021212
0101202020201212010212
0101202020201212120102
0101202020210202101212
0101202020210202121012
0101202020210210120212
0101202020210210121202
0101202020210212021012
0101202020210212101202
0101202021010210121012
0101202021012012121212
0101202021020210201212
0101202021020212102012
0101202021021020120212
0101202021021020121202
0101202021021202102012
0101202021021210201202
0101202021201012020212
0101202021201012021202
0101202021201012120202
0101202021201202021012
0101202021201202101202
0101202021201210120202
0101202021210210121212
0101202021210212101212
0101202021210212121012
0101202101021012102012
0101202101021020101212
0101202101201012021012
0101202101201012101202
0101202101202012121212
0101202102012010121012
0101202102021020201212
0101202102021210202012
0101202102101210102102
0101202102102020120212
0101202102102020121202
0101202102102120121212
0101202102120210202012
0101202102121020201202
0101202102121021201212
0101202102121210212012
0101202120101210120102
0101202120102012020212
0101202120102012021202
0101202120102012120202
0101202120102102121212
0101202120120120121212
0101202120120202102012
0101202120120210201202
0101202120121020120202
0101202120121021021212
0101202120121201201212
0101202120121210210212
0101202120121212012012
0101202120121212102102
0101202120201012021202
0101202120201012120202
0101202120201202021012
0101202120201202101202
0101202120201210120202
0101202120210210121212
0101202120210212101212
0101202120210212121012
0101202121021020121212
0101202121021210201212
0101202121021212102012
0101202121201012021212
0101202121201012120212
0101202121201012121202
0101202121201202101212
0101202121201202121012
0101202121201210120212
0101202121201210121202
0101202121201212021012
0101202121201212101202
0101210102101210202012
0101210102102010201212
0101210102102012102012
0101210102102020101212
0101210120101210201202
0101210120102010121202
0101210120102012021012
0101210120102012101202
0101210120121010201202
0101210120201012101202
0101210120202012121212
0101210121201012101212
0101210121201012121012
0101210121201210101212
0101210121201210121012
0101210201201012102012
0101210201201020101212
0101210201201020121012
0101210201201210102012
0101210202102020201212
0101210202121020202012
0101210210120120102012
0101210210121012102121
0101210210121020102102
0101210210121210102121
0101210210201012102102
0101210210201021021012
0101210210202020120212
0101210210202020121202
0101210210202120121212
0101210210212020121212
0101210212021020202012
0101210212101012102121
0101210212101020102102
0101210212102020201202
0101210212102021201212
0101210212102120201212
0101210212121020212012
0101210212121021202012
0101212010201012120102
0101212010201201021012
0101212010201210120102
0101212010202012020212
0101212010202012021202
0101212010202012120202
0101212010202102121212
0101212010212012021212
0101212010212012120212
0101212010212012121202
0101212012012020121212
0101212012020210202012
0101212012021020201202
0101212012021021201212
0101212012021210212012
0101212012102020120202
0101212012102021021212
0101212012102120120212
0101212012102120121202
0101212012120120201212
0101212012120210212012
0101212012121020210212
0101212012121021201202
0101212012121201202012
0101212012121210202102
0101212012121212102121
0101212020102012020212
0101212020102012021202
0101212020102012120202
0101212020102102121212
0101212020120120121212
0101212020120202102012
0101212020120210201202
0101212020121020120202
0101212020121021021212
0101212020121201201212
0101212020121210210212
0101212020121212012012
0101212020121212102102
0101212020201012120202
0101212020201202021012
0101212020201202101202
0101212020201210120202
0101212020210210121212
0101212020210212101212
0101212020210212121012
0101212021021020121212
0101212021021210201212
0101212021021212102012
0101212021201012120212
0101212021201012121202
0101212021201202101212
0101212021201202121012
0101212021201210120212
0101212021201210121202
0101212021201212021012
0101212021201212101202
0101212101201012121012
0101212101201210121012
0101212102102020121212
0101212102121020201212
0101212102121210202012
0101212120102012021212
0101212120102012120212
0101212120102012121202
0101212120120210201212
0101212120120212102012
0101212120121020120212
0101212120121020121202
0101212120121202102012
0101212120121210201202
0101212120201012121202
0101212120201202101212
0101212120201202121012
0101212120201210120212
0101212120201210121202
0101212120201212021012
0101212120201212101202
0101212121201012121212
0101212121201210121212
0101212121201212101212
0101212121201212121012
0102010201201020102012
0102010202102020202012
0102010210202021201212
0102010210202120201212
0102010210212020201212
0102012010202020120202
0102012010202021021212
0102012010202120120212
0102012010202120121202
0102012010210120121012
0102012010212020120212
0102012010212020121202
0102012010212120121212
0102012012012020201212
0102012012021020212012
0102012012021021202012
0102012012102020210212
0102012012102021201202
0102012012102120201202
0102012012102121201212
0102012012120120202012
0102012012121020202102
0102012012121021212012
0102012020102020120202
0102012020102021021212
0102012020102120120212
0102012020102120121202
0102012020120120201212
0102012020120210212012
0102012020121020210212
0102012020121021201202
0102012020121201202012
0102012020121210202102
0102012020201020120202
0102012020201021021212
0102012020201201201212
0102012020201210210212
0102012020201212012012
0102012020202102101212
0102012020202102121012
0102012020210210201212
0102012020210212102012
0102012020212012021012
0102012020212012101202
0102012021021020201212
0102012021021210202012
0102012021201020120212
0102012021201020121202
0102012021201202102012
0102012021201210201202
0102012021202012021012
0102012021202012101202
0102012021212012101212
0102012021212012121012
0102012101201020121012
0102012102102020201212
0102012102121020202012
0102012120102020120212
0102012120102020121202
0102012120102120121212
0102012120120210202012
0102012120121020201202
0102012120121021201212
0102012120121210212012
0102012120201020121202
0102012120201202102012
0102012120201210201202
0102012120202012021012
0102012120202012101202
0102012120212012101212
0102012120212012121012
0102012121201020121212
0102012121201210201212
0102012121201212102012
0102012121202012101212
0102012121202012121012
0102020102102020202012
0102020120102020201202
0102020120102021201212
0102020120102120201212
0102020120121020212012
0102020120121021202012
0102020120201020201202
0102020120201021201212
0102020120201210212012
0102020120202120121012
0102020120212012102012
0102020120212020121012
0102020121201020201212
0102020121201210202012
0102020121202012102012
0102020121202020121012
0102020201201020202012
0102020210212010212012
0102021012012020212012
0102021012012021202012
0102021012012120202012
0102021012102121212012
0102021020120120212012
0102021020120121202012
0102021020201201212012
0102021020202101201212
0102021020202121021012
0102021020210120201212
0102021020210210212012
0102021020212010210212
0102021020212012012012
0102021020212021021012
0102021020212102102012
0102021021012020201212
0102021021021020212012
0102021021021021202012
0102021021201020210212
0102021021201021201202
0102021021201201202012
0102021021202010210212
0102021021202012012012
0102021021202021021012
0102021021202102102012
0102021021210210202012
0102021021212120121012
0102021201201020212012
0102021201201021202012
0102021210202021012012
0102021210202101202012
0102021210210120202012
0102101201201021012012
0102101201202020210212
0102101201202121201212
0102101201212021201212
0102101201212120201212
0102101202012020212012
0102101202012021202012
0102101202012120202012
0102101202102121212012
0102101210202121210212
0102101210212021210212
0102101210212120210212
0102101212012021212012
0102101212012120212012
0102101212012121202012
0102102012012020210212
0102102012012121201212
0102102012020120212012
0102102012020121202012
0102102012102121210212
0102102012120121212012
0102102020120120210212
0102102020120201212012
0102102020201201210212
0102102020210120120212
0102102020210201201212
0102102020210210210212
0102102020210212012012
0102102020212012010212
0102102021012020120212
0102102021012120121212
0102102021020120201212
0102102021020210212012
0102102021021020210212
0102102021021201202012
0102102021201021020212
0102102021201202012012
0102102021202012010212
0102102021210120121212
0102102021212102101212
0102102101202020120212
0102102101202120121212
0102102101212020121212
0102102102012020201212
0102102102021020212012
0102102102102020210212
0102102102102121201212
0102102102121021212012
0102102120102121021212
0102102120120121201212
0102102120121021210212
0102102120121201212012
0102102120210120121212
0102102120212102101212
0102102121012020121212
0102102121021021201212
0102102121201021021212
0102102121201201201212
0102102121201210210212
0102102121202102101212
0102102121210210201212
0102120121201021201212
0102121020210121201212
0102121020212101201212
0102121021012021201212
0120120120120120201202
0120120120120121201212
0120120120120202102021
0120120120120210202102
0120120120120212102121
0120120120121020210202
0120120120121021210212
0120120120121202102121
0120120120121210212102
0120120120121212012021
0120120120201201201202
0120120120201202021021
0120120120201202102102
0120120120201210210202
0120120120201212120121
0120120120202102101202
0120120120210120121212
0120120120210210201202
0120120120210212121021
0120120120212102101212
0120120121012020121212
0120120121021020201202
0120120121021021201212
0120120121021212102021
0120120121201201201212
0120120121201202121021
0120120121201210210212
0120120121201212021021
0120120121201212102102
0120120121202102101212
0120120121210210201212
0120120121212012101202
0120120201201202102021
0120120201201210202102
0120120201201212102121
0120120201202012021021
0120120201202012102102
0120120201212012121021
0120120202012012102021
0120120202012020121021
0120120202101201202021
0120120202101210212121
0120120202102012012021
0120120202102020120121
0120120210120201202021
0120120210120210212121
0120120210121021212102
0120120210121201202121
0120120210121201212021
0120120210201201202102
0120120210201202012021
0120120210201212012121
0120120210202012012102
0120120210202012020121
0120120210210120201202
0120120210210121201212
0120120210212012120121
0120120210212101201212
0120120210212102121021
0120120212012012102121
0120120212012120121021
0120120212101201202121
0120120212101201212021
0120120212102012012121
0120120212102120120121
0120120212121020210121
0120120212121021012021
0120121012012120210212
0120121012012121201202
0120121012020120202102
0120121012020201202021
0120121012020210212121
0120121012021021212102
0120121012021201202121
0120121012021201212021
0120121012101201210121
0120121012102121210202
0120121012120120212102
0120121012120121202102
0120121012120201202121
0120121012120201212021
0120121012121201212121
0120121020120121210212
0120121020120201202102
0120121020120202012021
0120121020120212012121
0120121020121201212102
0120121020121202012121
0120121020201201210202
0120121020201202012102
0120121020201202020121
0120121020210121021212
0120121020210212120121
0120121021012020120202
0120121021012021021212
0120121021012120120212
0120121021012120121202
0120121021020120201202
0120121021020121201212
0120121021201201210212
0120121021201202120121
0120121021201212012102
0120121021201212020121
0120121021210120121202
0120121021210201201212
0120121021210202121021
0120121021210212102102
0120121021212102101202
0120121201201212012021
0120121201202012120121
0120121201202102121021
0120121201210120201212
0120121201210212102021
0120121202101201212021
0120121202102012012121
0120121202121020210121
0120121202121021012021
0120121210120201202121
0120121210120201212021
0120121210121201212121
0120121210201201212102
0120121210201202012121
0120121210202101210212
0120121210202102120121
0120121210210120210212
0120121210210121201202
0120121210212012020121
0120121212021020210121
0120121212101201212121
0120121212102021012102
0120121212102021020121
0120121212102101202102
0120121212121021012121
0120121212121021210121
0120201202101202012021
0120201202101212012121
0120201202102012020121
0120201210120202012021
0120201210120212012121
0120201210121201212102
0120201210121202012121
0120201210201202012102
0120201210201202020121
0120201212101202012121
0120202012101202020121
0120202020201202020202
0120202020210202021212
0120202020210202120212
0120202020210202121202
0120202020210212020212
0120202021201202020212
0120202021201202021202
0120202021201202120202
0120202021201212020202
0120202021210202121212
0120202021210212021212
0120202021210212120212
0120202021210212121202
0120202101210212101212
0120202120201202021202
0120202120201202120202
0120202120201212020202
0120202120210202121212
0120202120210212021212
0120202120210212120212
0120202120210212121202
0120202121201202021212
0120202121201202120212
0120202121201202121202
0120202121201212020212
0120202121201212021202
0120202121201212120202
0120202121210212121212
0120210120210212101212
0120210121021210201212
0120210121201202101212
0120210121201210120212
0120210121201210121202
0120210201212012101212
0120212012101202120121
0120212012101212012102
0120212012101212020121
0120212020201202120202
0120212020201212020202
0120212021201202120212
0120212021201202121202
0120212021201212020212
0120212021201212021202
0120212021201212120202
0120212021210212121212
0120212120201202121202
0120212120201212020212
0120212120201212021202
0120212120201212120202
0120212120210212121212
0120212121201202121212
0120212121201212021212
0120212121201212120212
0120212121201212121202
0121012102121020201212
0121012120121020121202
0121012120201210121202
0121012121201210121212
0121012121201212101212
0121020121201210201212
0121201212101212012121
0121202020201212020202
0121202021201212020212
0121202021201212021202
0121202021201212120202
0121202021210212121212
0121202120201212021202
0121202120201212120202
0121202121201212021212
0121202121201212120212
0121202121201212121202
0121212020201212120202
0121212021201212120212
0121212021201212121202
0121212120201212121202
0121212121201212121212
