01010101201010201212
01010101201012102012
01010101201020101212
01010101201020121012
01010101201210102012
01010101201210201012
01010101202010101212
01010101202010121012
01010101202012101012
01010102101010212012
01010102101021201012
01010102102020201212
01010120101012012012
01010120101012021021
01010120101012102102
01010120101021021012
01010120101201201012
01010120101202101021
01010120101210102102
01010120102020120212
01010120102020121202
01010120102102101012
01010120102120121212
01010120120210202012
01010120121010102102
01010120121020201202
01010120121021201212
01010120121210212012
01010120121212102021
01010120201020120212
01010120201020121202
01010120201202102012
01010120201210201202
01010120202010120212
01010120202010121202
01010120202012021012
01010120202012101202
01010120212010121212
01010120212012101212
01010120212012121012
01010121021010201012
01010121201020121212
01010121201210201212
01010121201212102012
01010121202010121212
01010121202012101212
01010121202012121012
01010201201020201212
01010201201210202012
01010201202010201212
01010201202012102012
01010201202020101212
01010201202020121012
01010202101020212012
01010202101021202012
01010202102010212012
01010202102021201012
01010202102120102012
01010202102120201012
01010210102020210212
01010210102101201012
01010210102121201212
01010210120120202012
01010210121021212012
01010210201020210212
01010210201201202012
01010210202010210212
01010210202012012012
01010210212120101212
01012010120102101021
01012010120120201202
01012010120121201212
01012010120201202012
01012010120202102021
01012010120210202102
01012010120212102121
01012010121010210102
01012010121020210202
01012010121021210212
01012010121201212012
01012010121202102121
01012010121210212102
01012010121212012021
01012010201021020212
01012010201021021202
01012010201201201202
01012010201202012012
01012010201202021021
01012010201202102102
01012010201210210202
01012010201212120121
01012010202012010212
01012010202012120102
01012010202102021012
01012010202102101202
01012010210120121212
01012010210202102012
01012010210210201202
01012010210212121021
01012010212010120202
01012010212102101212
01012010212102121012
01012012010210202012
01012012012010201202
01012012012012121021
01012012012020101202
01012012012120101212
01012012012120121012
01012012020120102012
01012012020210102021
01012012021010202102
01012012021012102121
01012012021020102102
01012012021210102121
01012012101020210202
01012012101021210212
01012012101201212012
01012012101202102121
01012012101210212102
01012012101212012021
01012012102010210202
01012012102012120121
01012012102020120102
01012012102101201212
01012012102102121021
01012012102121021012
01012012120210102121
01012012121010212102
01012012121012012021
01012012121020120121
01012012121021012012
01012020101202012012
01012020101202102102
01012020101210210202
01012020101212120121
01012020102012010212
01012020102012120102
01012020102102021012
01012020102102101202
01012020120102102012
01012020120210102102
01012020121010210202
01012020121012120121
01012020121020120102
01012020121210120121
01012020201012120102
01012020201201021012
01012020201210120102
01012020202012020212
01012020202012021202
01012020202012120202
01012020202102121212
01012020212012021212
01012020212012120212
01012020212012121202
01012021012010121212
01012021012012101212
01012021012012121012
01012021202012021212
01012021202012120212
01012021202012121202
01012021210210121012
01012021212012121212
01012101201020121212
01012101201210201212
01012101201212102012
01012101202010121212
01012101202012101212
01012101202012121012
01012102021020102012
01012102101210212012
01012102102010201202
01012102102120101212
01012102102120121012
01012102121010212012
01012120101212012012
01012120101212102102
01012120102102101212
01012120102102121012
01012120120120121012
01012120121012012012
01012120121012102102
01012120121021021012
01012120121210102102
01012120202012021212
01012120202012120212
01012120202012121202
01012120210210121012
01012120212012121212
01012121021012102012
01012121021020121012
01012121202012121212
01020102102010212012
01020120102012012012
01020120102012102102
01020120102021021012
01020120102102102012
01020120201021021012
01020120202020120212
01020120202020121202
01020120202120121212
01020120212020121212
01020121202020121212
01020201202020201212
01020202102020212012
01020202102021202012
01020202102120202012
01020210202020210212
01020210202021201202
01020210202120201202
01020210202121201212
01020210212021201212
01020210212120201212
01020212012020202012
01020212102021212012
01020212102120212012
01020212102121202012
01021012102101212012
01021012102121012012
01021020202021020212
01021020202121021212
01021020212021021212
01021020212120120212
01021021202021021212
01021021202120120212
01021021212020120212
01021021212120121212
01021201202021201212
01021201202120201212
01021201212020201212
01021210212121201212
01201201201210120121
01201201202020120202
01201201202021021212
01201201202120120212
01201201202120121202
01201201210210121021
01201201212020120212
01201201212020121202
01201201212120121212
01201202012020201202
01201202012021201212
01201202012120201212
01201202020210202021
01201202021020202102
01201202021210202121
01201202021210212021
01201202101210210121
01201202102020210202
01201202102021210212
01201202102120210212
01201202102121201202
01201202120210202121
01201202120210212021
01201202121020212102
01201202121021202102
01201202121201202021
01201202121210212121
01201210121021012102
01201210202021020202
01201210202121020212
01201210202121021202
01201210212021020212
01201210212021021202
01201210212120120202
01201210212121021212
01201212012020210212
01201212012021201202
01201212012120201202
01201212012121201212
01201212020210202121
01201212020210212021
01201212021020212102
01201212021021202102
01201212021201202021
01201212021210212121
01201212102021210202
01201212102120210202
01201212102121210212
01201212120120202102
01201212120201202021
01201212120210212121
01201212121021212102
01201212121201202121
01201212121201212021
01202012020121201212
01202012020202102021
01202012020210202102
01202012020212102121
01202012021020210202
01202012021021210212
01202012021202102121
01202012021210212102
01202012021212012021
01202012102021020202
01202012102121020212
01202012102121021202
01202012120120210212
01202012120202102121
01202012120210212102
01202012120212012021
01202012121021210202
01202012121201202102
01202012121202012021
01202012121212012121
01202020120212120121
01202020121201210212
01202020121202120121
01202020121212012102
01202020121212020121
01202101212012121212
01202120121212120121
01202121210212101212
01210121202012121212
01210212102121201212
01212012120212102121
01212012121021210212
01212012121210212102
