700057 246
700081 146
700129 117
700201 215
700393 246
700537 207
700561 147
700633 281
700681 119
700801 153
700849 170
700897 175
700993 235
701089 170
701209 205
701257 260
701329 236
701377 205
701401 140
701473 239
701497 231
701593 160
701761 146
701881 178
702193 233
702313 202
702337 168
702433 167
702529 125
702721 177
702817 189
702913 160
702937 181
703033 243
703081 150
703249 125
703321 169
703393 209
703441 157
703489 221
703537 217
703561 127
703657 230
703753 221
703849 131
703873 174
703897 167
704017 193
704161 189
704233 189
704281 205
704449 136
704521 147
704569 193
704593 169
704617 179
704713 162
704761 110
704833 202
704857 247
704929 122
705073 199
705097 217
705169 201
705409 166
705769 141
705841 166
705937 198
706009 189
706033 202
706201 154
706297 200
706369 143
706417 270
706561 158
706633 227
706729 96
706753 185
706801 143
706897 152
706921 205
707689 180
707857 189
707929 210
707953 138
708049 183
708361 152
708457 205
708481 127
708601 192
708913 224
708937 241
709057 263
709153 126
709201 136
709273 280
709321 150
709417 203
709537 196
709561 159
709609 184
709729 147
709777 215
709921 86
710089 160
710257 203
710377 214
710449 128
710473 174
710569 227
710641 115
710713 191
710929 162
710977 196
711001 148
711049 154
711097 171
711121 187
711409 186
711577 238
711649 111
711793 182
711817 164
711889 220
711913 218
711937 192
712321 87
712417 218
712489 141
712561 140
712681 160
713233 170
713281 208
713329 135
713353 163
713497 159
713569 195
713737 189
713833 214
714073 240
714169 83
714361 144
714481 139
714529 196
714577 182
714601 174
714673 196
714841 131
715153 222
715249 176
715417 231
715441 160
715489 148
715537 192
715657 262
715681 159
715753 187
715777 227
715801 129
715849 152
715873 183
715969 143
716137 267
716161 176
716257 230
716449 220
716713 273
716809 133
716857 162
716929 180
716953 252
717001 195
717289 166
717529 176
717697 167
717817 167
717841 164
718321 139
718513 216
718633 220
718657 145
718801 191
718897 251
719041 114
719281 158
719353 206
719377 156
719569 164
719689 190
719713 135
719833 182
720193 197
720241 158
720289 192
720361 172
720481 115
720697 319
720793 229
720913 172
720961 139
721057 180
721129 203
721177 169
721321 163
721561 93
721849 191
721921 196
722257 288
722353 208
722377 273
722521 166
722713 192
722737 151
722833 168
722881 169
722977 210
723049 206
723169 191
723193 185
723337 246
723361 175
723409 166
723529 97
723553 195
723601 130
723721 211
723913 203
724153 228
724393 207
724441 145
724513 149
724609 125
724729 201
724777 186
724993 212
725041 133
725113 273
725161 192
725209 135
725449 165
725737 219
725929 142
725953 157
726097 216
726169 236
726289 130
726337 187
726457 176
726601 142
726697 214
726841 220
727009 212
727201 212
727249 185
727273 171
727297 226
727369 179
727561 176
727633 138
727729 133
727777 176
728017 172
728113 179
728209 153
728281 128
728521 153
728713 222
728809 124
728881 173
728929 198
728953 215
729073 216
729217 215
729457 129
729577 213
729601 157
729649 211
729913 195
730033 207
730297 220
730321 128
730537 234
730633 166
730753 175
730777 275
730969 164
730993 236
731041 138
731113 281
731209 186
731233 223
731257 193
731593 241
731713 201
731737 224
731761 169
731881 184
732073 167
732097 175
732169 101
732217 214
732601 93
732673 213
732769 151
732817 169
732841 147
732889 139
733009 199
733177 172
733273 215
733321 73
733393 233
733489 121
733561 182
733753 167
733849 196
733921 218
734017 229
734113 205
734233 244
734329 151
734401 162
734473 130
734497 189
734737 216
734953 236
735001 176
735073 193
735169 180
735193 243
735337 175
735529 156
735649 156
735673 211
735697 178
735937 187
736249 221
736273 235
736369 220
736441 172
736657 186
736921 149
736993 228
737017 175
737041 162
737089 173
737281 156
737353 170
737497 257
737593 323
737617 230
737641 153
737809 151
737857 202
737929 149
738121 137
738217 158
738313 219
738457 219
738721 111
738889 165
738937 226
738961 159
739153 205
739201 86
739273 222
739369 153
739393 199
739513 186
739633 252
739777 215
739969 185
740041 120
740161 109
740329 165
740473 283
740521 195
740713 223
740737 335
741001 120
741121 193
741193 229
741337 153
741409 158
741457 195
741721 213
741913 178
742009 214
742057 190
742153 180
742201 164
742369 131
742393 192
742513 213
742537 278
742657 220
742681 132
742801 177
742897 271
742993 185
743089 117
743137 193
743161 154
743209 198
743377 246
743401 129
743689 122
743833 204
743881 184
744313 211
744409 160
744649 139
744721 197
744817 232
745033 195
745201 135
745249 171
745273 204
745369 147
745609 163
745753 216
745873 245
745993 239
746017 201
746041 133
746209 153
746233 272
746329 160
746353 227
746497 204
746737 178
747049 129
747073 171
747361 151
747457 207
747529 165
747673 227
747841 158
747889 139
748057 262
748249 176
748273 170
748441 122
748513 185
748609 129
748633 187
748729 139
748777 256
748801 165
748849 158
748921 153
749137 179
749209 189
749257 208
749401 118
749449 141
749641 148
749761 129
749809 179
750097 231
750121 94
750313 166
750457 267
750553 202
750721 130
750769 216
750817 206
750961 100
751057 255
751273 217
751297 153
751321 129
751609 131
751633 201
751753 165
751921 156
751969 94
752137 134
752281 262
752449 125
752569 171
752593 211
752809 170
752833 227
752881 211
752929 101
752977 139
753001 167
753409 227
753721 169
753793 169
753937 272
754057 215
754081 108
754153 145
754249 177
754297 197
754417 217
754489 170
754513 223
754921 194
754969 193
754993 191
755137 207
755233 199
755257 189
755329 101
755401 190
755449 137
755473 228
755569 167
755593 217
755617 166
755737 257
755809 259
755977 221
756097 180
756289 182
756433 232
756601 178
756649 156
756673 159
756961 150
757201 131
757297 204
757417 193
757513 204
757633 302
757753 328
757993 211
758041 156
758137 197
758449 183
758521 125
758617 234
758713 182
758929 188
759001 127
759193 266
759313 178
759433 187
759457 222
759553 166
759673 235
759697 176
759961 220
760129 228
760153 197
760273 276
760297 274
760321 128
760489 129
760537 183
760561 158
760657 202
760729 194
760897 174
760993 182
761113 242
761161 164
761377 156
761521 157
761689 131
761713 264
761809 181
761833 165
761977 220
762001 124
762049 118
762121 193
762241 177
762409 187
762529 166
762577 225
762721 125
762913 213
763201 156
763369 174
763417 257
763513 185
763753 182
763801 180
763897 158
763921 125
764017 143
764041 180
764089 147
764209 155
764233 231
764521 157
764593 213
764689 173
764809 156
764857 260
764977 209
765097 224
765169 182
765241 88
765313 276
765409 139
765577 232
765649 143
765673 226
765889 158
765913 172
766177 185
766273 137
766321 160
766369 126
766393 204
766609 155
766873 185
767017 207
767089 135
767161 167
767521 186
767617 212
767761 134
767857 164
767881 114
768049 203
768073 208
768169 203
768193 268
768241 179
768409 196
768457 231
768793 176
768841 209
769033 191
769057 231
769081 192
769273 236
769297 227
769729 130
770041 152
770113 178
770233 243
770281 174
770353 193
770401 169
770449 114
770641 130
770761 202
770881 147
770929 163
771049 247
771073 257
771217 229
771289 146
771481 166
771553 150
771697 142
771769 234
771889 217
771937 168
771961 133
772081 170
772273 186
772297 191
772393 225
772441 274
772537 261
772657 199
772921 162
773209 173
773473 190
773497 322
773569 162
773713 243
773953 198
774001 172
774073 219
774217 238
774289 164
774313 201
774337 197
774577 202
774601 130
775057 272
775153 186
775273 188
775393 179
775417 237
775441 205
775513 197
775633 168
775681 116
775729 163
775777 187
776137 273
776233 205
776257 166
776401 176
776449 126
776497 187
776521 117
776569 195
776977 227
777001 112
777097 205
777169 206
777241 178
777313 180
777433 256
777769 188
777817 181
778081 206
778153 223
778201 185
778417 160
778513 183
778537 226
778633 227
778681 111
778777 217
778873 222
778993 240
779137 222
779329 136
779353 169
779377 275
779521 167
779593 188
779617 233
779761 151
780049 117
780193 221
780433 234
780457 216
780553 211
780601 168
780649 126
780697 205
780721 160
780817 211
780841 181
780889 221
780961 125
781129 247
781321 124
781369 143
781513 207
781633 224
781681 157
781801 172
781897 196
781969 209
782113 200
782137 178
782209 148
782329 154
782473 278
782497 176
782641 197
782689 208
783121 147
783193 274
783337 215
783361 161
783529 213
783553 170
783721 155
783793 202
784009 181
784081 142
784129 183
784153 339
784249 111
784321 200
784489 167
784513 226
784561 179
784753 183
784897 213
785017 133
785329 191
785353 186
785377 265
785569 141
785641 221
785737 189
785809 192
785857 170
786001 230
786241 100
786337 192
786433 169
786553 232
786673 206
786697 194
786889 167
786937 260
787057 309
787153 208
787489 177
787513 190
787537 200
787609 133
787777 214
787993 270
788041 113
788089 162
788209 186
788353 178
788377 225
788449 153
788497 208
788521 209
788569 178
788761 160
789001 195
789097 255
789121 173
789169 196
789577 288
789673 197
789721 109
789793 182
789961 168
790033 156
790057 197
790201 137
790369 226
790417 156
790513 253
790633 207
790753 179
790897 223
790969 198
791017 208
791137 167
791209 158
791233 178
791257 228
791377 208
791473 206
791569 120
791929 178
792049 229
792073 203
792241 154
792481 228
792529 184
792553 191
792601 226
792697 208
792769 213
792793 170
793129 175
793297 211
793489 141
793537 205
793561 177
793633 116
793777 246
794041 189
794089 161
794113 198
794137 210
794161 136
794449 157
794473 189
794569 247
794593 233
794641 133
794881 141
794953 206
795001 124
795097 155
795121 191
795217 215
795337 318
795601 97
795649 193
795793 199
795913 204
795937 207
796009 139
796177 282
796561 180
796633 231
796657 230
796777 201
796801 147
796849 122
796921 182
796969 187
797161 133
797281 112
797353 242
797473 164
797497 229
797569 166
797593 177
797689 152
797833 148
797977 280
798097 220
798121 108
798409 176
798481 140
798649 173
798697 243
798937 224
798961 188
799369 180
799417 188
799441 219
799489 169
799609 223
799633 232
799657 257
799753 216
799801 149
799873 224
799921 179
799993 204
