500041 123
500113 163
500209 155
500233 192
500257 123
500473 235
500713 203
500809 118
500881 188
500953 247
500977 126
501001 142
501121 156
501217 166
501409 210
501577 282
501601 86
501769 123
501817 209
501841 91
501889 177
502057 178
502081 134
502321 137
502393 231
502441 147
502633 228
502729 182
502921 108
503017 181
503137 202
503233 173
503593 191
503857 219
503929 198
504001 92
504073 209
504121 152
504289 144
504337 173
504457 176
504817 187
504937 200
505033 219
505129 121
505201 125
505321 174
505369 131
505513 194
505537 230
505633 213
505657 182
505777 231
505969 139
506113 158
506281 121
506329 192
506449 188
506593 240
506689 134
506809 114
506929 172
507049 94
507193 172
507217 234
507289 181
507313 152
507361 147
507673 178
507697 157
507937 188
507961 145
508009 180
508033 139
508129 163
508273 221
508297 275
508393 171
508489 111
508513 165
508969 166
509137 156
509281 193
509329 132
509449 193
509521 128
509569 135
509689 169
509737 244
509833 184
510049 99
510073 155
510121 128
510217 168
510241 135
510361 192
510457 150
510481 154
510529 193
510553 183
510793 259
510817 188
510889 115
511033 172
511057 215
511153 212
511177 190
511201 158
511297 158
511417 219
511633 148
511801 141
511873 209
511897 180
512137 241
512353 169
512497 228
512521 137
512569 116
512593 171
512641 141
512713 246
512761 141
512929 142
512977 190
513001 148
513169 213
513313 200
513481 136
513529 114
513649 151
513673 180
513697 197
513769 127
513841 163
513937 164
514009 181
514057 303
514081 136
514177 151
514201 73
514249 157
514417 208
514513 192
514561 175
514681 164
514873 211
515041 135
515089 123
515233 177
515377 171
515401 176
515737 154
515761 92
515857 195
515929 156
516049 132
516169 150
516193 207
516361 173
516433 150
516457 290
516673 135
516721 118
516793 271
517081 189
517129 184
517177 186
517249 199
517393 219
517417 256
517513 187
517609 129
517729 159
517873 196
518017 205
518113 160
518137 142
518209 142
518233 202
518473 156
518521 127
518689 210
518737 218
518761 123
518809 151
518953 218
519097 245
519121 109
519193 231
519217 200
519433 200
519457 171
519553 176
519577 192
519769 208
519793 162
519817 234
519889 199
520129 136
520297 249
520369 156
520393 131
520609 146
520633 152
520921 137
520969 136
521041 128
521137 179
521161 119
521281 127
521329 120
521377 187
521401 117
521497 210
521641 148
521809 176
521881 235
521929 128
522073 213
522289 87
522337 265
522409 176
522553 249
522601 100
522673 209
522961 168
523129 168
523177 248
523297 181
523417 190
523489 133
523657 150
523681 159
523729 207
523777 146
523801 154
523969 137
524113 212
524257 210
524353 133
524497 183
524521 152
524593 169
524857 245
525001 152
525193 231
525241 139
525313 165
525361 143
525409 137
525433 220
525457 211
525529 88
525649 142
525697 207
525769 171
525817 221
525913 230
525937 180
525961 175
526249 182
526297 233
526441 202
526633 235
526657 248
526681 78
526777 166
526993 200
527161 153
527209 119
527281 191
527353 167
527377 184
527809 165
527881 117
527929 192
528001 131
528097 185
528217 234
528289 153
528313 220
528433 204
528673 158
529033 171
529129 145
529153 217
529273 195
529393 184
529489 88
529513 214
529657 226
529681 163
530017 176
530041 137
530137 179
530209 83
530329 158
530353 185
530401 113
530641 161
530713 172
530833 192
530857 238
530977 211
531121 200
531169 114
531337 157
531457 207
531481 148
531673 195
531793 142
531841 127
532009 112
532033 182
532153 208
532249 87
532417 194
532489 173
532537 171
532561 151
532633 209
532801 120
532849 122
532993 241
533089 163
533257 223
533353 238
533593 255
533641 147
533713 212
533737 187
533809 146
533857 160
534049 204
534073 130
534241 157
534529 157
534553 237
534577 166
534601 93
534649 196
534697 160
534841 176
534889 134
534913 158
535033 243
535273 181
535489 195
535609 183
535849 179
536017 158
536233 220
536281 121
536353 188
536377 206
536449 125
536593 164
536857 204
536929 144
536953 176
537001 147
537169 139
537241 173
537673 259
537769 120
537793 130
537841 214
537913 160
538201 157
538249 180
538297 178
538513 161
538561 89
538777 177
538801 103
538921 140
539089 154
539113 170
539233 234
539401 89
539449 98
539641 157
539713 207
539761 122
539881 147
540121 173
540217 197
540433 168
540577 199
540697 239
540769 128
540961 80
541129 119
541153 195
541201 154
541249 113
541369 176
541417 260
541537 208
541657 215
541777 211
541993 139
542281 165
542401 201
542497 247
542713 201
542761 180
543097 151
543217 155
543241 136
543289 229
543313 179
543553 209
543601 107
543769 204
543793 212
543841 103
543889 143
544009 113
544129 140
544177 273
544273 172
544513 157
544897 155
545089 154
545161 136
545257 223
545329 131
545449 104
545473 167
545497 152
545521 128
545617 197
545641 188
545929 172
546001 106
546097 268
546241 177
546289 133
546361 102
546841 92
546937 200
546961 162
547249 157
547273 190
547321 158
547369 123
547441 180
547513 277
547537 216
547609 140
547681 89
547753 212
547849 94
548089 194
548521 112
548761 171
548833 168
548953 230
549001 186
549097 274
549121 126
549169 149
549193 133
549313 193
549481 135
549553 142
549649 110
549817 142
549937 193
550009 140
550129 210
550177 202
550369 186
550441 124
550489 116
550513 202
550609 155
550657 179
550801 120
550969 159
550993 201
551017 177
551113 214
551233 161
551281 184
551569 160
551689 188
551713 168
551809 169
552001 198
552193 167
552217 165
552241 108
552481 155
552553 121
552649 171
552793 266
552841 103
552913 163
553057 173
553153 183
553249 131
553369 138
553417 213
553513 228
553561 148
553681 144
553849 125
553873 191
553897 192
553921 111
554017 121
554089 160
554137 188
554209 190
554233 162
554377 280
554569 131
554641 202
554833 244
554977 190
555073 147
555097 271
555337 197
555361 113
555697 148
556177 207
556273 133
556321 205
556441 166
556513 120
556537 173
556609 104
556753 222
556849 228
557017 239
557041 90
557281 99
557329 134
557377 172
557449 119
557521 152
557761 124
557857 179
558121 136
558241 177
558289 164
558457 172
558529 185
558721 87
558769 123
558793 167
558913 150
558937 187
559081 214
559177 202
559201 168
559297 262
559369 171
559513 209
559561 153
559633 230
559777 164
559849 146
560017 193
560089 148
560113 212
560137 194
560233 198
560281 100
560353 154
560617 187
560641 94
560689 195
560737 145
560761 145
560929 214
560977 192
561097 228
561313 134
561409 140
561529 155
561553 253
561961 147
562129 135
562201 161
562273 218
562297 178
562417 219
562537 176
562633 180
562753 160
562897 190
563041 121
563113 154
563377 203
563401 135
563449 201
563593 179
563809 121
563881 237
563929 167
564049 193
564097 153
564313 161
564409 169
564457 230
564793 222
564937 245
565057 174
565177 234
565273 155
565393 255
565441 180
565489 115
565849 135
565921 136
566089 161
566161 160
566233 294
566521 134
566617 201
566737 229
566833 161
566857 193
566977 194
567097 259
567121 98
567529 120
567601 160
567649 102
567673 174
567793 187
567841 109
567937 204
567961 77
568033 162
568153 236
568177 144
568201 129
568273 249
568441 166
568609 201
568657 149
568921 133
569137 246
569161 147
569209 110
569497 263
569617 205
569713 116
569809 117
570001 152
570049 152
570217 270
570529 101
570553 185
570601 170
570649 151
570697 187
570841 159
570937 209
570961 140
571201 91
571321 110
571369 158
571633 233
571657 174
571777 255
571801 192
571873 146
571969 166
572041 133
572137 163
572161 149
572233 187
572281 145
572329 184
572449 182
572497 158
572521 191
572833 190
572881 147
573289 220
573409 110
573457 186
573481 206
573673 167
573817 166
574033 220
574081 172
574201 125
574297 213
574393 211
574489 194
574657 172
574801 224
574969 193
575137 179
575257 195
575401 118
575473 225
575593 198
575689 111
575857 174
576001 202
576049 145
576193 208
576217 188
576313 180
576529 199
576553 233
576577 137
576649 143
576721 154
576769 155
576889 153
577009 171
577033 163
577081 150
577153 202
577177 216
577249 177
577513 153
577537 143
577849 184
577873 178
577897 225
578041 154
578209 125
578353 139
578401 160
578497 228
578689 134
578857 257
578881 151
579409 168
579433 154
579529 190
579673 201
579721 152
579961 165
580033 180
580081 168
580201 154
580417 172
580513 216
580561 119
580633 217
580969 135
581041 221
581089 164
581137 200
581353 243
581377 209
581473 151
581521 155
581617 194
581809 119
581857 176
581953 161
582409 125
582433 178
582457 181
582601 182
582649 141
582721 194
582793 203
582937 162
582961 111
583153 192
583249 209
583273 195
583417 236
583537 212
583657 230
583753 143
583777 195
583801 73
583873 174
583969 110
584281 135
584377 191
584473 238
584593 173
584713 186
584737 225
584809 117
585049 175
585073 213
585217 192
585289 146
585313 135
585337 202
585577 266
585601 97
585721 180
585841 109
585889 193
585913 195
586009 138
586057 205
586129 187
586153 194
586273 156
586609 104
586633 235
586801 137
586849 135
586897 149
586921 157
587017 173
587137 163
587281 174
587473 233
587497 203
587617 204
587737 201
587833 202
588073 194
588097 224
588121 142
588169 114
588241 135
588361 108
588433 183
588481 111
588529 153
588649 170
588673 161
588937 221
589273 201
589297 226
589609 151
589681 67
589753 235
589873 172
589921 150
589993 190
590041 102
590137 134
590377 204
590593 161
590641 145
590713 262
590809 160
590833 147
590929 180
591193 160
591289 183
591457 172
591553 155
591601 116
591649 157
591673 159
591841 171
591937 216
592057 160
592129 200
592321 141
592369 132
592393 181
592489 148
592561 138
592609 192
592681 215
592849 140
592873 197
592897 283
592993 154
593041 100
593209 181
593233 138
593353 161
593401 151
593449 190
593473 169
593497 178
593641 139
593689 178
593977 231
594193 178
594241 157
594313 278
594457 203
594577 200
594697 217
594721 106
594793 206
594889 93
594961 195
595057 184
595081 139
595129 184
595201 127
595513 216
595801 198
595873 172
596209 150
596257 181
596569 135
596593 267
596737 155
596857 167
596929 136
596977 215
597049 209
597073 201
597169 184
597361 150
597409 140
597433 135
597577 226
597673 220
597697 159
597769 152
597889 146
598057 201
598369 168
598489 174
598537 133
598657 187
598681 149
598729 184
598777 248
599281 128
599353 192
599713 227
599857 251
