900001 93
900121 193
900169 126
900217 290
900241 143
900409 195
900481 162
900553 230
900577 276
900649 183
900673 194
900817 216
900937 191
901009 153
901177 219
901249 217
901273 286
901441 143
901489 99
901513 201
901657 212
901993 200
902017 214
902089 157
902137 222
902281 169
902401 208
902449 155
902521 105
902569 188
902761 243
902953 170
902977 255
903073 171
903337 224
903457 164
903649 224
903673 207
903841 102
903913 270
904201 128
904297 185
904369 176
904441 188
904489 126
904513 186
904633 233
904681 201
904777 224
904801 160
904873 197
905137 202
905161 186
905209 227
905329 167
905449 209
905497 257
905617 191
905713 205
905761 172
905833 224
906121 167
906289 206
906313 179
906481 128
906601 153
906649 134
906673 214
906793 226
906817 185
907297 207
907321 158
907369 158
907393 210
907513 222
907561 111
907657 261
907849 243
907969 197
908041 161
908113 271
908137 295
908233 152
908353 146
908377 195
908449 181
908521 195
908617 245
908857 192
908881 115
908953 367
909217 137
909241 126
909289 209
909409 219
909457 237
909481 170
909529 189
909577 262
909697 258
909889 170
910177 219
910201 237
910369 149
910561 160
910849 116
911089 92
911161 170
911233 204
911593 205
911689 130
911737 211
912049 155
912193 226
912217 263
912337 273
912409 117
912481 196
912649 143
913177 180
913321 174
913417 225
913441 173
913513 225
913753 174
913873 214
913921 145
914041 191
914161 145
914257 221
914449 204
914521 108
914569 177
914713 231
914737 219
914857 223
915049 144
915601 179
915697 243
915769 164
915961 113
916033 192
916057 237
916129 109
916177 197
916273 197
916417 230
916441 161
916537 269
916561 197
916633 189
917041 200
917089 218
917113 232
917209 218
917281 121
917353 209
917593 246
917617 209
917641 134
917689 250
917713 187
917737 211
917809 156
918193 209
918361 197
918433 243
918481 143
918529 158
918793 228
918889 200
918913 232
919033 252
919081 192
919129 136
919153 195
919249 145
919393 158
919417 176
919729 176
919969 234
920137 233
920209 169
920233 179
920281 211
920377 222
920473 160
920497 277
920641 164
920761 156
920833 168
921001 115
921073 186
921121 155
921169 171
921241 165
921409 177
921457 192
921601 106
921841 208
921889 172
921913 236
922057 280
922081 142
922321 147
922489 133
922513 198
922561 142
922681 143
922729 227
922897 219
922993 231
923017 253
923137 213
923233 208
923449 194
923617 210
923641 221
923809 227
923833 160
923929 221
923953 235
923977 269
924073 193
924097 198
924241 196
924337 255
924361 102
924529 186
924601 170
924697 187
924769 207
924793 226
924841 127
924961 101
925033 223
925081 157
925153 195
925273 255
925369 119
925513 189
925849 144
925921 185
926017 157
926089 229
926113 227
926161 175
926353 188
926377 211
926617 258
926689 162
926977 178
927001 137
927049 202
927097 206
927313 238
927361 187
927529 130
927649 185
927769 174
927841 164
927961 168
928153 207
928177 294
928273 205
928513 188
928561 179
928849 202
929113 230
929161 143
929209 176
929281 163
929497 263
929641 130
929737 238
929809 221
929881 110
929953 192
929977 206
930073 200
930289 182
930337 203
930409 176
930481 181
930817 224
930841 198
930889 211
931129 187
931153 208
931417 189
931537 193
931657 212
931729 215
931849 183
931873 200
931921 115
932209 185
932257 176
932353 229
932473 255
932497 243
932521 181
932593 155
932761 164
933001 108
933073 199
933217 254
933241 128
933313 254
933433 247
933553 167
933601 142
933649 243
933817 198
934009 215
934033 174
934057 222
934393 229
934441 152
934489 243
934537 230
934561 156
934753 144
934897 278
935113 193
935257 176
935353 228
935377 155
935593 275
935689 197
935761 110
936097 308
936361 147
936577 173
936673 175
936697 300
936769 149
936889 183
936937 189
937009 216
937033 340
937537 185
937633 196
937681 217
937777 172
937801 167
937969 179
938017 183
938089 160
938233 215
938257 212
938569 122
938617 155
938713 225
938761 211
938857 274
938881 178
938953 188
939121 178
939193 230
939361 138
939649 177
939769 175
939793 247
940201 212
940249 125
940297 190
940369 196
940801 95
940921 119
940993 161
941041 159
941209 214
941329 141
941449 207
941593 250
941617 270
941641 135
941737 193
941929 130
942049 201
942169 284
942217 211
942313 181
942433 257
942577 210
942889 192
943009 97
943057 218
943081 148
943153 219
943249 202
943273 252
943321 149
943729 227
943777 194
943801 193
943849 139
944017 255
944137 183
944161 81
944233 292
944257 235
944329 86
944473 177
944497 178
944521 137
944689 152
944833 239
944857 224
944929 255
944953 211
945289 132
945409 157
945457 194
945481 226
945577 201
945601 183
945673 163
945817 258
945937 262
945961 147
946081 220
946177 178
946249 187
946273 257
946369 162
946417 218
946489 207
946513 181
946681 143
946753 220
946801 158
946873 217
946969 107
946993 189
947137 220
947377 224
947449 203
947641 211
947833 255
947857 168
948049 137
948169 237
948457 276
948721 101
949033 192
949129 174
949153 229
949441 138
949513 280
949609 218
949633 173
949777 256
949849 185
950041 103
950161 148
950233 173
950281 182
950329 201
950401 102
950473 221
950497 185
950569 150
950617 281
950689 154
950737 324
950809 209
950953 186
951001 148
951193 240
951361 158
951553 203
951649 197
951697 264
952009 192
952057 180
952129 156
952297 236
952513 200
952657 248
952681 128
952753 175
952873 226
952921 176
953041 220
953473 240
953497 204
953521 203
953593 211
953881 175
953929 142
953977 250
954001 188
954097 259
954409 102
954433 244
954649 202
954697 280
955153 171
955441 127
955657 257
955729 193
955777 201
955993 262
956113 214
956281 207
956353 231
956377 276
956401 187
956521 219
956569 217
956617 185
956689 267
956713 277
956881 99
956929 154
956953 254
957097 241
957169 169
957193 194
957241 218
957289 181
957337 282
957361 179
957409 223
957433 284
957529 192
957553 256
957601 156
957721 159
957769 165
957889 105
957937 217
958057 188
958369 180
958393 212
958609 179
958729 227
958777 197
958849 155
958897 209
958921 176
959209 161
959377 214
959449 124
959473 209
959617 139
959689 205
959737 196
959809 188
959953 204
960049 193
960121 187
960217 261
960601 180
960649 157
960793 198
960889 197
960937 342
960961 122
961033 221
961201 135
961273 187
961393 309
961633 116
961657 161
961729 202
961777 254
961993 301
962041 201
962161 133
962233 248
962257 204
962497 241
962569 205
962617 248
962737 215
963097 208
963121 194
963241 184
963481 130
963601 114
963793 209
963817 256
963841 147
963913 190
964009 179
964081 159
964153 221
964297 255
964417 238
964609 153
964753 202
964897 238
964969 160
965089 177
965113 311
965161 163
965233 268
965329 184
965401 150
965857 194
965953 247
966241 221
966313 183
966337 193
966409 241
966481 213
966817 130
966913 207
966937 312
966961 137
967129 113
967201 107
967297 196
967321 203
967441 192
967753 222
967873 156
968017 208
968041 170
968089 188
968113 210
968137 157
968329 209
968353 152
968377 194
968521 159
968593 213
968641 142
968689 169
968713 214
968761 185
968809 135
968857 256
969049 110
969097 267
969433 269
969457 211
969481 231
969721 192
969889 251
970201 146
970297 197
970441 212
970537 186
970561 180
970633 205
970657 207
970777 231
970969 244
971281 128
971353 241
971401 127
971473 225
971521 180
971569 104
971713 184
971833 257
971857 247
971977 225
972001 181
972121 252
972313 266
972337 225
972409 157
972481 135
972577 218
972649 293
972721 89
972793 244
973033 188
973057 236
973081 219
973129 220
973177 191
973321 235
973537 273
973561 101
973657 220
973681 178
973801 174
973897 171
974041 203
974089 149
974137 271
974161 237
974329 206
974401 146
974473 229
974497 225
974713 191
974737 230
974761 161
974977 244
975049 193
975193 276
975217 236
975313 207
975433 200
975553 217
975649 192
976009 164
976033 239
976177 221
976369 134
976489 213
976513 205
976537 146
976561 135
976777 282
976849 142
977209 111
977233 167
977257 243
977521 200
977593 269
977761 165
977881 178
978001 186
978049 200
978073 289
978217 192
978337 204
978457 252
978697 199
979009 203
979177 258
979201 155
979273 154
979369 135
979873 270
979921 164
979969 97
980137 195
980377 233
980401 202
980449 158
980593 204
980641 140
980689 195
981049 184
981073 200
981241 156
981289 134
981481 112
981577 233
981601 147
981697 247
981769 202
981817 170
981889 191
981913 261
981961 170
982057 297
982273 200
982321 168
982393 276
982489 170
982633 215
982777 287
982801 148
983113 264
983209 252
983233 166
983329 186
983377 212
983449 111
983617 256
983737 208
983809 212
983881 207
983929 153
984121 186
984241 158
984337 241
984457 241
984481 185
984817 191
984913 190
985057 228
985129 185
985177 278
985417 176
985657 242
985729 187
985921 152
985969 184
985993 220
986113 307
986137 196
986257 291
986281 127
986497 159
986569 180
986593 168
986617 208
986641 172
986737 229
986857 287
986929 207
987097 222
987193 199
987313 218
987361 179
987433 225
987457 193
987697 316
987793 183
987913 212
988033 231
988129 154
988297 228
988321 129
988417 209
988489 174
988681 127
988849 125
989353 211
989377 222
989641 154
989761 197
989929 211
989977 208
990001 109
990169 228
990289 155
990313 210
990361 113
990529 118
990673 235
990841 191
990889 119
990961 236
991009 213
991057 169
991129 171
991201 118
991273 220
991633 230
991777 248
991873 146
992113 223
992281 180
992449 224
992521 215
992689 132
992737 196
992809 186
992857 236
993001 122
993049 172
993121 169
993169 131
993217 197
993241 139
993481 169
993793 216
993841 165
993913 249
993961 202
994249 135
994297 278
994321 198
994369 126
994393 230
994417 246
994489 273
994561 168
994657 241
995329 161
995377 269
995593 218
995641 196
995713 259
995737 203
995833 252
995881 243
996001 162
996049 174
996169 191
996361 137
996409 133
996529 160
996601 148
996649 157
996841 151
997057 175
997081 212
997153 185
997201 129
997273 193
997369 154
997609 222
997681 194
997897 315
998017 160
998161 220
998281 157
998329 191
998353 242
998377 178
998497 247
998617 218
998689 199
998737 204
998857 278
999049 168
999169 207
999217 183
999433 237
999529 220
999553 180
999721 149
999769 146
999961 140
