200017 183
200041 82
200257 160
200329 163
200401 147
200569 140
200689 126
200713 203
200881 130
200929 70
201049 98
201073 149
201121 129
201193 145
201337 189
201577 172
201673 157
201769 124
201889 107
201937 155
201961 86
202129 73
202201 113
202393 153
202441 129
202729 135
202753 156
202777 123
202921 102
203017 161
203209 133
203233 149
203353 218
203449 97
203569 118
203617 126
203641 82
203713 124
203761 124
203809 149
203857 116
203953 115
203977 230
204361 124
204481 106
204601 107
204793 160
204913 130
205033 151
205081 164
205129 88
205201 136
205297 129
205417 146
205441 97
205537 145
205633 130
205657 179
205993 175
206209 109
206233 160
206281 116
206593 154
206641 60
206953 193
207073 138
207121 121
207169 111
207241 133
207409 139
207433 143
207457 238
207481 92
207673 166
207721 107
207769 93
208009 175
208057 157
208129 115
208393 134
208441 105
208489 146
208513 149
208609 127
208657 94
208729 135
208993 176
209089 108
209233 143
209257 139
209353 103
209401 143
209449 132
209497 134
209569 142
209809 121
209857 164
209929 92
209953 127
209977 167
210097 215
210169 84
210193 125
210241 99
210361 139
210481 191
210601 63
210913 160
210961 52
211129 103
211153 136
211177 144
211297 113
211369 100
211441 126
211657 158
211681 101
211777 134
211801 127
211873 159
211969 94
212161 113
212209 149
212281 98
212353 112
212593 143
212881 105
213097 177
213193 156
213217 131
213289 159
213337 127
213361 106
213481 110
213553 157
213649 111
213721 132
214009 163
214033 118
214129 184
214177 173
214297 166
214561 86
214657 86
214729 71
214849 128
214993 165
215161 110
215329 106
215353 146
215497 150
215521 105
215617 141
215689 131
215737 180
215833 148
215857 140
215953 137
216217 131
216289 140
216481 102
216553 122
216577 212
216649 142
216841 80
217033 199
217057 133
217081 106
217201 111
217369 111
217489 132
217561 98
217681 83
217849 125
217969 144
218137 166
218233 156
218401 108
218521 71
218641 128
218737 105
218761 111
218809 113
218833 183
218857 160
219001 96
219097 217
219169 133
219217 180
219313 142
219361 102
219409 79
219433 159
219529 119
219577 159
219649 89
219721 147
219889 141
219937 174
220009 104
220057 155
220177 166
220369 113
220513 197
220537 103
220681 157
220873 124
220897 130
221209 124
221233 144
221281 85
221401 149
221497 153
221713 168
221737 197
221953 123
222073 134
222193 147
222289 123
222337 165
222361 139
222553 185
222601 119
222793 117
222841 121
222913 133
223009 145
223129 92
223273 154
223441 121
223633 132
223681 147
223753 119
223849 161
223921 108
223969 79
224041 124
224113 155
224209 159
224233 167
224401 79
224449 116
224473 133
224569 96
224617 180
224737 148
224881 133
224929 120
224977 137
225217 109
225241 80
225289 53
225457 118
225529 181
225601 146
225697 184
225721 103
225769 120
225889 103
225961 97
226129 100
226201 130
226609 138
226657 137
226753 150
226777 228
227089 109
227113 182
227233 173
227257 128
227281 114
227377 167
227473 139
227497 204
227569 98
227593 133
227977 126
228049 159
228097 120
228337 181
228409 151
228457 186
228577 190
228601 126
228793 249
228841 129
228913 171
228961 131
229081 126
229153 105
229249 123
229321 88
229393 183
229561 153
229681 62
229753 179
229777 123
229849 58
229897 208
230017 217
230089 205
230137 167
230233 119
230257 137
230281 83
230353 130
230449 133
230761 94
230833 138
230929 93
230977 194
231001 75
231169 90
231241 116
231289 115
231409 124
231433 172
231481 139
231529 96
231841 103
231961 86
232081 136
232129 145
232153 143
232417 123
232513 110
232633 129
232681 97
232753 148
232777 179
232801 137
233113 160
233161 150
233329 152
233353 192
233617 174
233641 93
233689 84
233713 164
233881 126
234121 108
234193 150
234217 160
234361 77
234457 189
234529 111
234673 162
234721 97
234769 145
234961 94
235009 115
235057 175
235177 189
235273 170
235369 96
235441 151
235489 124
235513 202
235537 133
235849 124
236017 109
236209 101
236329 66
236377 169
236449 95
236641 125
236713 161
236737 167
236881 108
237073 134
237217 126
237313 178
237361 102
237409 121
237673 145
238009 107
238081 85
238201 148
238321 130
238369 161
238417 179
238657 111
238681 73
238729 91
238801 132
238897 155
238921 154
239017 159
239137 166
239233 104
239329 142
239521 126
239641 137
239689 102
239713 135
239737 130
239857 144
239929 150
239977 165
240049 158
240073 160
240169 153
240433 146
240769 89
240841 112
240913 139
241177 159
241249 110
241321 117
241393 192
241441 117
241489 135
241513 164
241537 125
241561 105
241873 144
241921 72
241993 178
242161 150
242257 138
242329 177
242377 139
242449 72
242521 131
242617 171
242689 170
242713 174
243073 151
243121 106
243433 120
243553 152
243577 181
243673 142
243769 114
243889 130
244009 132
244033 141
244129 93
244177 196
244297 132
244393 189
244561 114
244633 162
244753 141
244873 151
244897 131
245209 165
245257 167
245473 188
245521 104
245593 173
245881 142
245977 167
246049 126
246073 135
246097 178
246121 127
246193 126
246217 191
246241 74
246289 115
246361 152
246577 162
246769 145
246793 169
246817 197
246889 134
246913 210
246937 192
247201 88
247249 140
247369 122
247393 142
247609 154
247633 172
247729 137
247873 163
247993 183
248041 121
248089 105
248137 181
248161 83
248257 112
248401 135
248473 140
248569 150
248593 161
248641 105
248737 166
249097 150
249217 152
249433 155
249721 152
250057 145
250153 174
250441 118
250489 131
250681 119
250753 152
250777 176
250969 176
250993 131
251233 157
251257 181
251353 143
251473 131
251737 145
251761 106
251809 133
251833 196
251857 179
252001 76
252169 110
252193 175
252289 116
252313 191
252409 143
252457 175
252481 150
252817 160
252913 177
252937 187
253081 107
253153 162
253273 159
253321 152
253369 81
253417 184
253537 149
253609 143
253633 128
253681 114
253777 184
253801 131
253969 81
253993 138
254041 133
254161 150
254209 107
254257 163
254281 109
254329 122
254377 216
254593 139
254713 174
254833 186
254857 151
254929 128
254977 191
255049 102
255097 187
255121 124
255193 177
255217 157
255313 152
255361 88
255457 134
255649 105
255841 95
255961 141
256033 164
256057 206
256129 81
256369 100
256393 109
256441 119
256489 139
256561 175
256609 140
256801 105
256873 177
257017 227
257161 110
257281 136
257353 162
257401 95
257473 224
257497 161
257689 120
257713 145
257857 158
257953 164
258241 117
258337 109
258673 180
258697 226
258721 97
259009 103
259033 154
259177 158
259201 90
259321 116
259537 167
259657 150
259681 119
259801 146
259993 211
260017 140
260089 115
260137 158
260209 110
260329 138
260569 103
260713 160
260761 99
260809 177
260857 145
261169 143
261241 136
261337 188
261433 200
261529 65
261577 186
261601 130
261673 121
261697 127
261721 139
262153 152
262321 111
262369 99
262489 154
262513 145
262657 142
262681 118
262897 194
263089 148
263209 111
263257 158
263401 120
263521 119
263737 132
263761 113
263881 88
263953 166
264169 157
264289 86
264529 133
264553 130
264577 142
264601 91
264697 180
264769 146
264793 158
264889 107
264961 91
265129 160
265249 114
265273 142
265417 151
265513 132
265561 85
265729 107
265873 135
265921 116
266089 190
266137 141
266281 169
266353 190
266401 102
266449 101
266521 159
266641 128
266689 132
266953 166
266977 165
267049 168
267097 170
267193 176
267217 178
267433 165
267481 156
267601 120
267649 154
267721 97
267913 159
267961 108
268153 186
268297 165
268537 188
268729 208
268777 191
268897 131
268921 109
268969 108
268993 145
269041 113
269089 113
269209 171
269257 210
269281 123
269377 131
269473 122
269617 213
269641 89
269713 170
269761 143
269953 127
270001 77
270073 181
270097 149
270121 119
270217 173
270241 141
270337 152
270553 201
270577 178
270601 85
270841 132
270913 169
270937 217
270961 152
271057 154
271129 135
271177 213
271273 154
271393 157
271489 86
271657 173
271729 140
271753 169
271849 84
271897 211
271969 133
272257 204
272329 116
272353 152
272449 89
272737 172
272761 123
272809 120
273001 110
273073 132
273193 174
273289 132
273313 125
273433 137
273457 195
273601 101
273697 275
273913 167
274033 178
274081 117
274177 125
274201 122
274441 170
274489 179
274609 127
274777 159
274993 189
275161 141
275449 95
275521 93
275593 212
275641 118
275881 107
275929 135
276049 114
276337 168
276553 180
276673 158
276721 96
276817 147
276961 89
277177 203
277273 206
277297 136
277513 146
277657 147
277897 151
277993 169
278017 124
278041 87
278209 123
278233 190
278329 110
278353 156
278497 168
278617 149
278689 111
278809 135
278881 97
279001 135
279073 95
279121 198
279337 190
279481 136
279553 158
279577 134
279649 192
279817 211
279913 114
280009 94
280129 158
280249 128
280297 144
280321 161
280513 123
280537 165
280561 109
280681 136
280729 133
280897 145
280921 74
281233 163
281353 122
281641 141
281737 116
281761 124
281833 189
281857 155
282001 112
282097 200
282241 119
282313 183
282409 118
282481 108
282577 131
282697 181
282769 106
282889 151
282913 155
283009 125
283369 106
283489 179
283609 118
283873 196
284041 117
284161 140
284233 216
284377 155
284521 149
284593 106
284689 159
284737 166
284833 136
284857 138
284881 120
285049 143
285121 99
285289 141
285433 148
285457 187
285553 171
285673 184
285697 143
285721 127
285841 160
285937 153
286009 134
286129 135
286249 161
286369 164
286393 213
286513 234
286609 104
286633 139
286753 132
286777 130
286801 103
286873 212
287137 170
287233 138
287257 195
287281 102
287449 125
287689 123
287857 184
287977 254
288049 144
288241 143
288313 168
288361 156
288433 154
288481 100
288529 173
288577 169
288649 93
288697 176
288817 127
288913 181
289033 198
289129 126
289249 105
289273 159
289297 159
289369 171
289417 201
289489 105
289657 164
289897 172
290041 155
290113 176
290137 148
290161 111
290209 144
290233 167
290473 145
290497 175
290593 162
290617 185
290737 182
290761 77
291169 129
291217 151
291337 164
291457 180
291481 72
291649 123
291721 115
291817 180
292057 191
292081 125
292249 149
292393 178
292441 162
292489 152
292561 156
292753 162
292777 103
292801 116
292849 151
292921 141
292969 118
292993 166
293257 214
293329 75
293473 203
293617 150
294001 106
294169 128
294241 130
294289 136
294313 194
294337 151
294529 82
294649 116
294673 148
294793 174
295033 160
295081 121
295129 109
295153 138
295201 73
295417 129
295441 130
295513 142
295777 169
295873 122
295993 150
296017 184
296041 83
296137 216
296353 155
296377 202
296473 156
296713 158
296833 144
296929 154
297049 67
297097 146
297169 161
297289 147
297457 186
297481 89
297601 140
297793 123
297841 136
297889 69
298153 138
298201 129
298369 76
298513 124
298681 162
298777 170
298801 191
298897 177
298993 193
299017 170
299113 208
299137 131
299281 124
299329 134
299401 165
299473 152
299521 108
299569 109
299617 212
299857 250
299881 106
299977 200
