73 7
97 8
193 6
241 8
313 16
337 21
409 15
433 19
457 17
577 18
601 16
673 17
769 18
937 27
1009 19
1033 32
1129 19
1153 22
1201 11
1249 19
1297 28
1321 22
1489 22
1609 27
1657 42
1753 42
1777 32
1801 23
1873 21
1993 36
2017 27
2089 30
2113 38
2137 37
2161 25
2281 27
2377 47
2473 33
2521 9
2593 44
2617 39
2689 23
2713 44
2833 32
2857 45
2953 44
3001 42
3049 25
3121 34
3169 19
3217 54
3313 40
3361 15
3433 36
3457 41
3529 24
3673 55
3697 40
3769 46
3793 47
3889 29
4057 52
4129 30
4153 56
4177 63
4201 20
4273 48
4297 64
4441 46
4513 34
4561 40
4657 39
4729 26
4801 27
4969 39
4993 58
5113 54
5209 31
5233 58
5281 25
5449 54
5521 30
5569 27
5641 29
5689 49
5737 58
5857 58
5881 28
5953 50
6073 56
6121 45
6217 56
6337 42
6361 38
6481 33
6529 62
6553 60
6577 65
6673 62
6793 63
6841 38
6961 44
7057 47
7129 40
7177 47
7297 48
7321 45
7369 53
7393 45
7417 61
7489 39
7537 68
7561 37
7681 37
7753 37
7873 80
7993 65
8017 46
8089 44
8161 34
8209 42
8233 59
8329 41
8353 65
8377 58
8521 52
8641 49
8689 43
8713 48
8737 50
8761 26
8929 59
9001 39
9049 40
9241 49
9337 71
9433 52
9601 23
9649 45
9697 42
9721 70
9769 44
9817 74
10009 65
10177 66
10273 59
10321 50
10369 44
10513 78
10657 62
10729 44
10753 55
10993 81
11113 65
11161 61
11257 37
11329 54
11353 77
11497 81
11593 62
11617 60
11689 73
11833 92
11953 71
12049 45
12073 67
12097 66
12241 42
12289 36
12409 61
12433 45
12457 72
12553 62
12577 79
12601 27
12697 67
12721 40
12841 50
12889 50
13009 61
13033 72
13177 78
13249 39
13297 87
13417 77
13441 49
13513 77
13537 70
13633 59
13681 49
13729 35
13873 53
13921 53
14281 39
14401 26
14449 49
14593 85
14713 74
14737 78
14929 63
15073 85
15121 51
15193 102
15217 71
15241 51
15289 58
15313 38
15361 55
15601 62
15649 52
15817 90
15889 58
15913 77
15937 60
16033 53
16057 105
16249 46
16273 65
16369 52
16417 52
16561 59
16633 75
16657 78
16729 54
16921 40
16993 63
17041 57
17137 61
17209 51
17257 68
17377 82
17401 50
17449 57
17497 80
17569 81
17713 62
17737 70
17761 66
17881 69
17929 75
17977 90
18049 57
18097 54
18121 59
18169 65
18217 66
18289 82
18313 86
18433 73
18457 112
18481 41
18553 106
18793 64
18913 89
19009 61
19081 60
19249 80
19273 78
19417 76
19441 42
19489 57
19609 46
19681 52
19753 114
19777 81
19801 48
19993 51
20089 67
20113 88
20161 46
20233 92
20353 65
20521 23
20593 67
20641 43
20809 60
20857 77
20929 78
21001 58
21121 44
21169 37
21193 98
21313 99
21433 72
21481 84
21529 42
21577 93
21601 61
21649 57
21673 54
21817 93
21841 26
21937 105
21961 46
22129 65
22153 95
22273 58
22369 55
22441 44
22777 103
22921 68
22993 69
23017 82
23041 53
23209 56
23473 75
23497 98
23593 99
23689 61
23761 52
23833 79
23857 78
23929 92
23977 91
24001 87
24049 40
24097 106
24121 73
24169 69
24337 70
24481 35
24697 82
24793 109
24841 84
24889 56
25033 62
25057 97
25153 85
25321 41
25537 72
25561 70
25609 52
25633 84
25657 65
25801 67
25849 76
25873 62
25969 76
26017 64
26041 42
26113 103
26161 47
26209 55
26449 95
26497 77
26641 82
26713 77
26737 103
26833 90
26881 92
26953 95
27073 44
27241 60
27337 98
27361 45
27409 63
27457 53
27481 56
27529 68
27673 105
27697 100
27793 96
27817 95
27961 109
28057 88
28081 60
28201 76
28297 92
28393 78
28513 84
28537 107
28657 92
28729 53
28753 87
28921 44
29017 70
29137 93
29209 93
29401 41
29473 95
29569 68
29641 73
29761 43
29833 90
29881 80
30097 84
30169 90
30241 51
30313 109
30529 65
30553 82
30577 91
30649 60
30697 117
30817 88
30841 99
30937 129
31033 74
31081 44
31153 95
31177 92
31249 47
31321 80
31393 95
31489 83
31513 84
31657 107
31729 46
31849 65
31873 73
32089 80
32233 111
32257 57
32353 108
32377 55
32401 45
32497 99
32569 74
32713 102
32833 82
33049 57
33073 93
33289 56
33409 66
33457 92
33529 67
33577 127
33601 59
33721 70
33769 65
33889 75
33937 72
33961 59
34033 99
34057 90
34129 107
34273 79
34297 103
34369 59
34513 96
34537 112
34729 67
34849 63
34897 81
35089 78
35257 112
35281 43
35353 135
35401 55
35449 65
35521 66
35569 54
35593 104
35617 106
35809 54
35977 122
36073 101
36097 84
36217 85
36241 87
36313 85
36433 71
36457 105
36529 59
36697 136
36721 50
36793 90
36913 107
37057 89
37201 87
37273 86
37321 66
37369 81
37441 89
37489 49
37537 92
37561 66
37633 57
37657 80
37897 99
37993 123
38113 86
38281 92
38329 66
38377 100
38449 82
38569 95
38593 76
38713 106
38737 103
38833 80
38953 79
38977 79
39097 132
39217 90
39241 62
39313 71
39409 118
39769 61
39841 53
39937 76
40009 71
40129 60
40153 67
40177 119
40609 73
40801 82
40849 54
40897 89
40993 110
41017 101
41113 76
41161 79
41233 87
41257 113
41281 66
41521 71
41593 127
41617 69
41641 113
41737 112
41761 75
41809 73
41953 110
42073 101
42169 53
42193 98
42337 77
42409 90
42433 78
42457 99
42577 90
42649 80
42697 108
42793 89
42841 98
42937 140
42961 53
43177 101
43201 65
43321 82
43441 79
43609 91
43633 111
43753 97
43777 131
43801 62
43969 50
44017 71
44041 93
44089 95
44257 94
44281 57
44449 93
44497 109
44617 117
44641 34
44809 82
44953 111
45121 89
45289 94
45337 114
45361 74
45433 112
45481 92
45553 79
45673 113
45697 82
45817 99
45841 72
46153 111
46273 128
46441 68
46489 58
46633 102
46681 91
46993 96
47017 116
47041 47
47137 96
47161 55
47353 106
47497 115
47521 65
47569 81
47713 102
47737 123
47809 82
47857 141
47881 52
47977 92
48049 44
48073 85
48121 103
48193 89
48313 104
48337 76
48409 56
48481 100
48649 82
48673 85
48817 119
48889 52
49009 69
49033 106
49057 106
49081 76
49177 102
49201 61
49297 110
49369 71
49393 105
49417 88
49537 84
49633 93
49681 64
49801 93
49921 51
49993 101
50329 106
50377 143
50497 138
50593 79
50833 108
50857 87
50929 95
51001 84
51169 90
51193 105
51217 103
51241 80
51361 56
51481 59
51577 91
51673 153
51721 92
51769 48
51817 110
51913 96
52009 54
52057 111
52081 69
52153 129
52177 88
52201 86
52249 76
52321 106
52369 59
52489 67
52561 65
52609 88
53017 107
53089 56
53113 101
53161 85
53233 121
53281 100
53353 99
53377 80
53401 67
53569 94
53593 81
53617 104
53857 99
53881 43
54001 83
54049 95
54121 41
54193 133
54217 90
54361 88
54409 80
54577 100
54601 88
54673 108
54721 88
55009 93
55057 101
55201 90
55249 73
55441 72
55609 70
55633 98
55681 102
55849 82
55897 117
55921 85
56041 115
56113 93
56209 107
56377 92
56401 74
56473 105
56569 116
56713 105
56737 100
56809 68
56857 93
56929 81
57073 77
57097 147
57193 149
57241 66
57457 88
57529 100
57601 66
57649 68
57697 101
57793 101
58057 123
58129 73
58153 97
58321 59
58369 96
58393 111
58417 123
58441 99
58537 109
58657 102
58897 132
58921 47
59113 108
59209 99
59233 94
59281 74
59377 137
59473 110
59497 140
59617 104
59809 73
59833 130
59929 43
60169 82
60217 93
60289 71
60337 111
60457 128
60601 64
60649 87
60793 127
60889 99
60913 96
60937 116
60961 88
61057 119
61129 110
61153 95
61297 115
61417 124
61441 69
61561 98
61609 73
61657 132
61681 51
61729 86
62017 88
62137 104
62233 121
62401 56
62473 114
62497 70
62617 130
62761 105
62929 96
63073 107
63097 99
63241 113
63313 121
63337 104
63361 54
63409 83
63577 135
63601 98
63649 90
63697 142
63793 124
63841 65
63913 154
64033 83
64081 60
64153 108
64489 106
64513 71
64609 94
64633 137
64849 60
64921 112
64969 94
65089 110
65257 131
65353 105
65449 116
65497 143
65521 56
65617 123
65713 96
65761 76
65809 87
65881 79
65929 121
66169 85
66337 156
66361 65
66457 106
66529 38
66553 132
66601 104
66697 130
66721 76
66841 92
66889 67
67033 134
67057 102
67129 101
67153 105
67273 133
67369 37
67489 74
67537 95
67777 87
67801 121
67993 140
68041 76
68113 102
68161 69
68209 81
68281 116
68329 82
68449 92
68473 131
68521 99
68713 96
68737 101
68881 74
69001 60
69073 100
69193 109
69313 78
69337 113
69457 154
69481 96
69697 101
70009 52
70177 137
70201 94
70249 58
70297 143
70321 87
70393 114
70489 92
70537 103
70657 106
70729 95
70753 88
70849 68
70921 105
70969 118
71089 90
71161 93
71209 103
71233 107
71257 134
71329 101
71353 125
71473 113
71569 50
71593 99
71713 131
71761 87
71809 84
71881 113
72073 93
72169 68
72313 179
72337 101
72481 96
72577 102
72649 106
72673 126
72817 142
72889 103
72937 132
73009 109
73369 109
73417 130
73561 124
73609 74
73681 77
73849 100
73897 151
74017 107
74161 82
74209 72
74257 126
74353 150
74377 91
74449 72
74521 89
74713 94
74761 98
74857 129
74929 104
75169 72
75193 115
75217 91
75289 81
75337 126
75553 74
75577 137
75721 66
75793 79
75913 136
75937 86
76081 108
76129 76
76249 89
76369 114
76441 37
76537 171
76561 62
76753 102
76777 102
76801 57
76873 125
77017 128
77041 140
77137 161
77377 121
77521 74
77569 106
77617 84
77641 76
77689 87
77713 126
77761 72
77929 78
77977 104
78049 96
78121 69
78193 123
78241 79
78553 113
78577 100
78649 97
78697 132
78721 97
78889 115
79153 126
79201 98
79273 125
79393 102
79537 154
79561 82
79609 103
79633 91
79657 141
79777 114
79801 66
79873 104
80209 89
80233 147
80329 65
80449 104
80473 151
80713 116
80737 110
80761 93
80809 46
80833 89
80929 93
80953 150
81001 114
81049 124
81097 86
81409 56
81457 111
81553 117
81649 105
81769 74
81817 103
81937 112
82009 66
82129 77
82153 129
82393 142
82561 93
82609 92
82633 106
82657 84
82729 90
83089 112
83137 139
83233 128
83257 149
83401 125
83449 47
83497 153
83617 95
83641 77
83689 62
83737 117
83761 114
83833 116
83857 122
84121 77
84313 153
84457 98
84481 72
84649 122
84673 64
84697 147
84793 147
84913 153
84961 96
85009 50
85081 129
85201 80
85297 107
85369 76
85513 133
86017 160
86113 77
86137 103
86161 65
86209 90
86257 121
86353 96
86689 80
86857 119
86929 113
87049 42
87121 75
87313 133
87337 150
87433 142
87481 38
87553 144
87649 81
87697 104
87721 72
87793 120
87961 63
88129 135
88177 104
88321 49
88513 128
88609 115
88657 164
88681 124
88729 88
88801 113
88873 142
88897 117
88969 113
88993 91
89017 153
89041 98
89113 136
89137 106
89209 106
89329 93
89449 113
89521 113
89689 132
89809 88
89833 108
89977 153
90001 83
90073 109
90121 109
90217 123
90289 75
90313 106
90481 93
90529 81
90697 129
90793 126
90841 76
91009 91
91033 133
91081 70
91129 90
91153 141
91249 87
91297 154
91369 112
91393 66
91513 187
91753 123
91801 102
91873 100
91921 80
91969 91
92041 80
92233 97
92353 102
92377 158
92401 40
92569 54
92593 106
92641 118
92737 96
92761 73
92809 120
92857 97
93001 111
93097 121
93169 141
93241 107
93337 134
93481 109
93529 88
93553 111
93601 54
93889 91
93913 101
93937 170
94009 115
94033 113
94057 157
94153 153
94201 82
94273 88
94321 122
94441 60
94513 110
94561 84
94777 99
94849 136
94873 108
94993 165
95089 78
95233 83
95257 115
95401 115
95569 98
95617 121
95713 107
95737 170
95857 131
95881 99
95929 100
96001 92
96097 111
96289 94
96337 104
96457 158
96553 139
96601 82
96697 138
96769 62
97081 105
97177 133
97369 114
97441 68
97561 62
97609 93
97729 72
97777 89
97849 133
98017 147
98041 98
98257 140
98377 126
98473 119
98641 87
98689 132
98713 183
98737 89
98809 82
98929 107
98953 112
99241 89
99289 71
99409 82
99529 99
99577 116
99721 111
99793 75
99817 159
99961 59
